(00, 00, 00, 00) 0x12, 0.140625
(00, 00, 00, 01) 0x02, 0.015625
(00, 00, 00, 02) 0x03, 0.0234375
(00, 00, 00, 03) 0xfc, -0.03125
(00, 00, 00, 04) 0x03, 0.0234375
(00, 00, 01, 00) 0x01, 0.0078125
(00, 00, 01, 01) 0xf5, -0.0859375
(00, 00, 01, 02) 0xf0, -0.125
(00, 00, 01, 03) 0xf2, -0.109375
(00, 00, 01, 04) 0x0d, 0.1015625
(00, 00, 02, 00) 0xf5, -0.0859375
(00, 00, 02, 01) 0xf0, -0.125
(00, 00, 02, 02) 0xeb, -0.1640625
(00, 00, 02, 03) 0xeb, -0.1640625
(00, 00, 02, 04) 0x03, 0.0234375
(00, 00, 03, 00) 0xf6, -0.078125
(00, 00, 03, 01) 0x03, 0.0234375
(00, 00, 03, 02) 0x08, 0.0625
(00, 00, 03, 03) 0x08, 0.0625
(00, 00, 03, 04) 0xfa, -0.046875
(00, 00, 04, 00) 0x03, 0.0234375
(00, 00, 04, 01) 0x00, 0.0
(00, 00, 04, 02) 0xfe, -0.015625
(00, 00, 04, 03) 0x04, 0.03125
(00, 00, 04, 04) 0xf7, -0.0703125
(00, 01, 00, 00) 0xdf, -0.2578125
(00, 01, 00, 01) 0xc8, -0.4375
(00, 01, 00, 02) 0xeb, -0.1640625
(00, 01, 00, 03) 0x00, 0.0
(00, 01, 00, 04) 0x17, 0.1796875
(00, 01, 01, 00) 0xc7, -0.4453125
(00, 01, 01, 01) 0xc4, -0.46875
(00, 01, 01, 02) 0xfd, -0.0234375
(00, 01, 01, 03) 0x05, 0.0390625
(00, 01, 01, 04) 0x09, 0.0703125
(00, 01, 02, 00) 0xda, -0.296875
(00, 01, 02, 01) 0xe5, -0.2109375
(00, 01, 02, 02) 0x0c, 0.09375
(00, 01, 02, 03) 0x16, 0.171875
(00, 01, 02, 04) 0xeb, -0.1640625
(00, 01, 03, 00) 0xec, -0.15625
(00, 01, 03, 01) 0x0a, 0.078125
(00, 01, 03, 02) 0x15, 0.1640625
(00, 01, 03, 03) 0xff, -0.0078125
(00, 01, 03, 04) 0xf9, -0.0546875
(00, 01, 04, 00) 0xe2, -0.234375
(00, 01, 04, 01) 0x08, 0.0625
(00, 01, 04, 02) 0x03, 0.0234375
(00, 01, 04, 03) 0x0d, 0.1015625
(00, 01, 04, 04) 0x03, 0.0234375
(00, 02, 00, 00) 0xf8, -0.0625
(00, 02, 00, 01) 0xf5, -0.0859375
(00, 02, 00, 02) 0xfb, -0.0390625
(00, 02, 00, 03) 0x0d, 0.1015625
(00, 02, 00, 04) 0x03, 0.0234375
(00, 02, 01, 00) 0xf4, -0.09375
(00, 02, 01, 01) 0xec, -0.15625
(00, 02, 01, 02) 0x11, 0.1328125
(00, 02, 01, 03) 0x12, 0.140625
(00, 02, 01, 04) 0xfc, -0.03125
(00, 02, 02, 00) 0x02, 0.015625
(00, 02, 02, 01) 0xfc, -0.03125
(00, 02, 02, 02) 0x03, 0.0234375
(00, 02, 02, 03) 0x00, 0.0
(00, 02, 02, 04) 0xe2, -0.234375
(00, 02, 03, 00) 0x0a, 0.078125
(00, 02, 03, 01) 0xfe, -0.015625
(00, 02, 03, 02) 0xfa, -0.046875
(00, 02, 03, 03) 0xec, -0.15625
(00, 02, 03, 04) 0xe7, -0.1953125
(00, 02, 04, 00) 0x05, 0.0390625
(00, 02, 04, 01) 0x04, 0.03125
(00, 02, 04, 02) 0x01, 0.0078125
(00, 02, 04, 03) 0x00, 0.0
(00, 02, 04, 04) 0xe0, -0.25
(00, 03, 00, 00) 0xf8, -0.0625
(00, 03, 00, 01) 0xfc, -0.03125
(00, 03, 00, 02) 0x00, 0.0
(00, 03, 00, 03) 0x00, 0.0
(00, 03, 00, 04) 0xea, -0.171875
(00, 03, 01, 00) 0xf2, -0.109375
(00, 03, 01, 01) 0x11, 0.1328125
(00, 03, 01, 02) 0x10, 0.125
(00, 03, 01, 03) 0xf0, -0.125
(00, 03, 01, 04) 0xe2, -0.234375
(00, 03, 02, 00) 0xf9, -0.0546875
(00, 03, 02, 01) 0x12, 0.140625
(00, 03, 02, 02) 0x03, 0.0234375
(00, 03, 02, 03) 0xe4, -0.21875
(00, 03, 02, 04) 0x00, 0.0
(00, 03, 03, 00) 0xf8, -0.0625
(00, 03, 03, 01) 0x07, 0.0546875
(00, 03, 03, 02) 0x03, 0.0234375
(00, 03, 03, 03) 0xed, -0.1484375
(00, 03, 03, 04) 0xfe, -0.015625
(00, 03, 04, 00) 0xfd, -0.0234375
(00, 03, 04, 01) 0x04, 0.03125
(00, 03, 04, 02) 0x13, 0.1484375
(00, 03, 04, 03) 0x02, 0.015625
(00, 03, 04, 04) 0xe9, -0.1796875
(00, 04, 00, 00) 0xfb, -0.0390625
(00, 04, 00, 01) 0x05, 0.0390625
(00, 04, 00, 02) 0x04, 0.03125
(00, 04, 00, 03) 0x0d, 0.1015625
(00, 04, 00, 04) 0x11, 0.1328125
(00, 04, 01, 00) 0xfe, -0.015625
(00, 04, 01, 01) 0xf6, -0.078125
(00, 04, 01, 02) 0x16, 0.171875
(00, 04, 01, 03) 0x11, 0.1328125
(00, 04, 01, 04) 0xf5, -0.0859375
(00, 04, 02, 00) 0xf8, -0.0625
(00, 04, 02, 01) 0xfd, -0.0234375
(00, 04, 02, 02) 0x16, 0.171875
(00, 04, 02, 03) 0xfd, -0.0234375
(00, 04, 02, 04) 0xf1, -0.1171875
(00, 04, 03, 00) 0xfa, -0.046875
(00, 04, 03, 01) 0x08, 0.0625
(00, 04, 03, 02) 0x11, 0.1328125
(00, 04, 03, 03) 0xfb, -0.0390625
(00, 04, 03, 04) 0xeb, -0.1640625
(00, 04, 04, 00) 0xed, -0.1484375
(00, 04, 04, 01) 0xfc, -0.03125
(00, 04, 04, 02) 0xfb, -0.0390625
(00, 04, 04, 03) 0xff, -0.0078125
(00, 04, 04, 04) 0xee, -0.140625
(00, 05, 00, 00) 0x02, 0.015625
(00, 05, 00, 01) 0x12, 0.140625
(00, 05, 00, 02) 0x0a, 0.078125
(00, 05, 00, 03) 0xf8, -0.0625
(00, 05, 00, 04) 0xf5, -0.0859375
(00, 05, 01, 00) 0xf4, -0.09375
(00, 05, 01, 01) 0x09, 0.0703125
(00, 05, 01, 02) 0x03, 0.0234375
(00, 05, 01, 03) 0xfd, -0.0234375
(00, 05, 01, 04) 0xec, -0.15625
(00, 05, 02, 00) 0xf4, -0.09375
(00, 05, 02, 01) 0x0b, 0.0859375
(00, 05, 02, 02) 0x0d, 0.1015625
(00, 05, 02, 03) 0xee, -0.140625
(00, 05, 02, 04) 0xdc, -0.28125
(00, 05, 03, 00) 0xf1, -0.1171875
(00, 05, 03, 01) 0x01, 0.0078125
(00, 05, 03, 02) 0xf3, -0.1015625
(00, 05, 03, 03) 0xd2, -0.359375
(00, 05, 03, 04) 0xe7, -0.1953125
(00, 05, 04, 00) 0xf1, -0.1171875
(00, 05, 04, 01) 0xfd, -0.0234375
(00, 05, 04, 02) 0xf7, -0.0703125
(00, 05, 04, 03) 0xec, -0.15625
(00, 05, 04, 04) 0xe9, -0.1796875
(01, 00, 00, 00) 0xf7, -0.0703125
(01, 00, 00, 01) 0x0c, 0.09375
(01, 00, 00, 02) 0xfd, -0.0234375
(01, 00, 00, 03) 0x04, 0.03125
(01, 00, 00, 04) 0x06, 0.046875
(01, 00, 01, 00) 0xed, -0.1484375
(01, 00, 01, 01) 0x02, 0.015625
(01, 00, 01, 02) 0x18, 0.1875
(01, 00, 01, 03) 0x21, 0.2578125
(01, 00, 01, 04) 0x04, 0.03125
(01, 00, 02, 00) 0x03, 0.0234375
(01, 00, 02, 01) 0x16, 0.171875
(01, 00, 02, 02) 0x13, 0.1484375
(01, 00, 02, 03) 0x08, 0.0625
(01, 00, 02, 04) 0xf0, -0.125
(01, 00, 03, 00) 0xfe, -0.015625
(01, 00, 03, 01) 0xf3, -0.1015625
(01, 00, 03, 02) 0xea, -0.171875
(01, 00, 03, 03) 0xf6, -0.078125
(01, 00, 03, 04) 0xee, -0.140625
(01, 00, 04, 00) 0x00, 0.0
(01, 00, 04, 01) 0x07, 0.0546875
(01, 00, 04, 02) 0xed, -0.1484375
(01, 00, 04, 03) 0xf4, -0.09375
(01, 00, 04, 04) 0x05, 0.0390625
(01, 01, 00, 00) 0xf7, -0.0703125
(01, 01, 00, 01) 0xfd, -0.0234375
(01, 01, 00, 02) 0xf3, -0.1015625
(01, 01, 00, 03) 0xfe, -0.015625
(01, 01, 00, 04) 0xf8, -0.0625
(01, 01, 01, 00) 0xe2, -0.234375
(01, 01, 01, 01) 0xf8, -0.0625
(01, 01, 01, 02) 0x11, 0.1328125
(01, 01, 01, 03) 0x11, 0.1328125
(01, 01, 01, 04) 0xf8, -0.0625
(01, 01, 02, 00) 0xee, -0.140625
(01, 01, 02, 01) 0xe8, -0.1875
(01, 01, 02, 02) 0x0c, 0.09375
(01, 01, 02, 03) 0x04, 0.03125
(01, 01, 02, 04) 0xfc, -0.03125
(01, 01, 03, 00) 0xfd, -0.0234375
(01, 01, 03, 01) 0xf1, -0.1171875
(01, 01, 03, 02) 0xd9, -0.3046875
(01, 01, 03, 03) 0xf4, -0.09375
(01, 01, 03, 04) 0x0c, 0.09375
(01, 01, 04, 00) 0xff, -0.0078125
(01, 01, 04, 01) 0xe6, -0.203125
(01, 01, 04, 02) 0xe6, -0.203125
(01, 01, 04, 03) 0x08, 0.0625
(01, 01, 04, 04) 0x0c, 0.09375
(01, 02, 00, 00) 0xff, -0.0078125
(01, 02, 00, 01) 0xfe, -0.015625
(01, 02, 00, 02) 0x07, 0.0546875
(01, 02, 00, 03) 0x0a, 0.078125
(01, 02, 00, 04) 0x00, 0.0
(01, 02, 01, 00) 0xf9, -0.0546875
(01, 02, 01, 01) 0x05, 0.0390625
(01, 02, 01, 02) 0xfb, -0.0390625
(01, 02, 01, 03) 0xf6, -0.078125
(01, 02, 01, 04) 0xf2, -0.109375
(01, 02, 02, 00) 0xfd, -0.0234375
(01, 02, 02, 01) 0x05, 0.0390625
(01, 02, 02, 02) 0xfc, -0.03125
(01, 02, 02, 03) 0xe2, -0.234375
(01, 02, 02, 04) 0xf7, -0.0703125
(01, 02, 03, 00) 0x05, 0.0390625
(01, 02, 03, 01) 0xf4, -0.09375
(01, 02, 03, 02) 0xfb, -0.0390625
(01, 02, 03, 03) 0x0c, 0.09375
(01, 02, 03, 04) 0x01, 0.0078125
(01, 02, 04, 00) 0xe6, -0.203125
(01, 02, 04, 01) 0x1c, 0.21875
(01, 02, 04, 02) 0x1f, 0.2421875
(01, 02, 04, 03) 0x08, 0.0625
(01, 02, 04, 04) 0xef, -0.1328125
(01, 03, 00, 00) 0xe2, -0.234375
(01, 03, 00, 01) 0xf6, -0.078125
(01, 03, 00, 02) 0xfc, -0.03125
(01, 03, 00, 03) 0xf1, -0.1171875
(01, 03, 00, 04) 0x1d, 0.2265625
(01, 03, 01, 00) 0xfd, -0.0234375
(01, 03, 01, 01) 0x01, 0.0078125
(01, 03, 01, 02) 0xf9, -0.0546875
(01, 03, 01, 03) 0xd8, -0.3125
(01, 03, 01, 04) 0xfe, -0.015625
(01, 03, 02, 00) 0x07, 0.0546875
(01, 03, 02, 01) 0x00, 0.0
(01, 03, 02, 02) 0xe9, -0.1796875
(01, 03, 02, 03) 0x09, 0.0703125
(01, 03, 02, 04) 0x0e, 0.109375
(01, 03, 03, 00) 0x02, 0.015625
(01, 03, 03, 01) 0xf0, -0.125
(01, 03, 03, 02) 0x12, 0.140625
(01, 03, 03, 03) 0x12, 0.140625
(01, 03, 03, 04) 0xf6, -0.078125
(01, 03, 04, 00) 0x06, 0.046875
(01, 03, 04, 01) 0x0a, 0.078125
(01, 03, 04, 02) 0xfc, -0.03125
(01, 03, 04, 03) 0xdf, -0.2578125
(01, 03, 04, 04) 0xea, -0.171875
(01, 04, 00, 00) 0xec, -0.15625
(01, 04, 00, 01) 0xec, -0.15625
(01, 04, 00, 02) 0x01, 0.0078125
(01, 04, 00, 03) 0xfd, -0.0234375
(01, 04, 00, 04) 0xf9, -0.0546875
(01, 04, 01, 00) 0x03, 0.0234375
(01, 04, 01, 01) 0xfd, -0.0234375
(01, 04, 01, 02) 0xf5, -0.0859375
(01, 04, 01, 03) 0x07, 0.0546875
(01, 04, 01, 04) 0xff, -0.0078125
(01, 04, 02, 00) 0xf9, -0.0546875
(01, 04, 02, 01) 0x0b, 0.0859375
(01, 04, 02, 02) 0xf8, -0.0625
(01, 04, 02, 03) 0xf8, -0.0625
(01, 04, 02, 04) 0xf4, -0.09375
(01, 04, 03, 00) 0x0a, 0.078125
(01, 04, 03, 01) 0xfc, -0.03125
(01, 04, 03, 02) 0x03, 0.0234375
(01, 04, 03, 03) 0xff, -0.0078125
(01, 04, 03, 04) 0x0c, 0.09375
(01, 04, 04, 00) 0xf9, -0.0546875
(01, 04, 04, 01) 0xfa, -0.046875
(01, 04, 04, 02) 0x06, 0.046875
(01, 04, 04, 03) 0xff, -0.0078125
(01, 04, 04, 04) 0xfa, -0.046875
(01, 05, 00, 00) 0xfa, -0.046875
(01, 05, 00, 01) 0x05, 0.0390625
(01, 05, 00, 02) 0x13, 0.1484375
(01, 05, 00, 03) 0x07, 0.0546875
(01, 05, 00, 04) 0xe8, -0.1875
(01, 05, 01, 00) 0x17, 0.1796875
(01, 05, 01, 01) 0x06, 0.046875
(01, 05, 01, 02) 0x0e, 0.109375
(01, 05, 01, 03) 0xf8, -0.0625
(01, 05, 01, 04) 0xf3, -0.1015625
(01, 05, 02, 00) 0x00, 0.0
(01, 05, 02, 01) 0xf7, -0.0703125
(01, 05, 02, 02) 0x11, 0.1328125
(01, 05, 02, 03) 0xfc, -0.03125
(01, 05, 02, 04) 0xf9, -0.0546875
(01, 05, 03, 00) 0x0d, 0.1015625
(01, 05, 03, 01) 0x1f, 0.2421875
(01, 05, 03, 02) 0xf1, -0.1171875
(01, 05, 03, 03) 0xf6, -0.078125
(01, 05, 03, 04) 0x11, 0.1328125
(01, 05, 04, 00) 0xfe, -0.015625
(01, 05, 04, 01) 0x0a, 0.078125
(01, 05, 04, 02) 0x14, 0.15625
(01, 05, 04, 03) 0x1c, 0.21875
(01, 05, 04, 04) 0xfe, -0.015625
(02, 00, 00, 00) 0xec, -0.15625
(02, 00, 00, 01) 0xf3, -0.1015625
(02, 00, 00, 02) 0x1d, 0.2265625
(02, 00, 00, 03) 0x00, 0.0
(02, 00, 00, 04) 0xee, -0.140625
(02, 00, 01, 00) 0x01, 0.0078125
(02, 00, 01, 01) 0xfd, -0.0234375
(02, 00, 01, 02) 0x21, 0.2578125
(02, 00, 01, 03) 0x21, 0.2578125
(02, 00, 01, 04) 0x06, 0.046875
(02, 00, 02, 00) 0x13, 0.1484375
(02, 00, 02, 01) 0xdc, -0.28125
(02, 00, 02, 02) 0xfa, -0.046875
(02, 00, 02, 03) 0x06, 0.046875
(02, 00, 02, 04) 0x08, 0.0625
(02, 00, 03, 00) 0xf8, -0.0625
(02, 00, 03, 01) 0xf4, -0.09375
(02, 00, 03, 02) 0xee, -0.140625
(02, 00, 03, 03) 0xf4, -0.09375
(02, 00, 03, 04) 0x08, 0.0625
(02, 00, 04, 00) 0xf5, -0.0859375
(02, 00, 04, 01) 0x03, 0.0234375
(02, 00, 04, 02) 0x01, 0.0078125
(02, 00, 04, 03) 0xed, -0.1484375
(02, 00, 04, 04) 0x03, 0.0234375
(02, 01, 00, 00) 0xeb, -0.1640625
(02, 01, 00, 01) 0xed, -0.1484375
(02, 01, 00, 02) 0x0d, 0.1015625
(02, 01, 00, 03) 0x24, 0.28125
(02, 01, 00, 04) 0xf1, -0.1171875
(02, 01, 01, 00) 0xf6, -0.078125
(02, 01, 01, 01) 0xf6, -0.078125
(02, 01, 01, 02) 0x06, 0.046875
(02, 01, 01, 03) 0x29, 0.3203125
(02, 01, 01, 04) 0x08, 0.0625
(02, 01, 02, 00) 0xfe, -0.015625
(02, 01, 02, 01) 0xf4, -0.09375
(02, 01, 02, 02) 0xdb, -0.2890625
(02, 01, 02, 03) 0x10, 0.125
(02, 01, 02, 04) 0x16, 0.171875
(02, 01, 03, 00) 0x02, 0.015625
(02, 01, 03, 01) 0xe7, -0.1953125
(02, 01, 03, 02) 0xdc, -0.28125
(02, 01, 03, 03) 0x06, 0.046875
(02, 01, 03, 04) 0x0a, 0.078125
(02, 01, 04, 00) 0xdf, -0.2578125
(02, 01, 04, 01) 0xee, -0.140625
(02, 01, 04, 02) 0xf8, -0.0625
(02, 01, 04, 03) 0x01, 0.0078125
(02, 01, 04, 04) 0x02, 0.015625
(02, 02, 00, 00) 0x06, 0.046875
(02, 02, 00, 01) 0xf4, -0.09375
(02, 02, 00, 02) 0xf4, -0.09375
(02, 02, 00, 03) 0xf9, -0.0546875
(02, 02, 00, 04) 0xf8, -0.0625
(02, 02, 01, 00) 0x18, 0.1875
(02, 02, 01, 01) 0xf8, -0.0625
(02, 02, 01, 02) 0xea, -0.171875
(02, 02, 01, 03) 0xec, -0.15625
(02, 02, 01, 04) 0xff, -0.0078125
(02, 02, 02, 00) 0xfc, -0.03125
(02, 02, 02, 01) 0xeb, -0.1640625
(02, 02, 02, 02) 0xe4, -0.21875
(02, 02, 02, 03) 0xef, -0.1328125
(02, 02, 02, 04) 0xef, -0.1328125
(02, 02, 03, 00) 0xf3, -0.1015625
(02, 02, 03, 01) 0xff, -0.0078125
(02, 02, 03, 02) 0xff, -0.0078125
(02, 02, 03, 03) 0xfc, -0.03125
(02, 02, 03, 04) 0xe4, -0.21875
(02, 02, 04, 00) 0x12, 0.140625
(02, 02, 04, 01) 0x10, 0.125
(02, 02, 04, 02) 0x0f, 0.1171875
(02, 02, 04, 03) 0x02, 0.015625
(02, 02, 04, 04) 0x08, 0.0625
(02, 03, 00, 00) 0xfa, -0.046875
(02, 03, 00, 01) 0xf7, -0.0703125
(02, 03, 00, 02) 0x02, 0.015625
(02, 03, 00, 03) 0xee, -0.140625
(02, 03, 00, 04) 0xf1, -0.1171875
(02, 03, 01, 00) 0xee, -0.140625
(02, 03, 01, 01) 0xf7, -0.0703125
(02, 03, 01, 02) 0x08, 0.0625
(02, 03, 01, 03) 0x0f, 0.1171875
(02, 03, 01, 04) 0xeb, -0.1640625
(02, 03, 02, 00) 0xe3, -0.2265625
(02, 03, 02, 01) 0xef, -0.1328125
(02, 03, 02, 02) 0x05, 0.0390625
(02, 03, 02, 03) 0x17, 0.1796875
(02, 03, 02, 04) 0xf9, -0.0546875
(02, 03, 03, 00) 0xf1, -0.1171875
(02, 03, 03, 01) 0xf8, -0.0625
(02, 03, 03, 02) 0xfe, -0.015625
(02, 03, 03, 03) 0x15, 0.1640625
(02, 03, 03, 04) 0x0a, 0.078125
(02, 03, 04, 00) 0x08, 0.0625
(02, 03, 04, 01) 0x0c, 0.09375
(02, 03, 04, 02) 0xef, -0.1328125
(02, 03, 04, 03) 0xf0, -0.125
(02, 03, 04, 04) 0x02, 0.015625
(02, 04, 00, 00) 0x04, 0.03125
(02, 04, 00, 01) 0x03, 0.0234375
(02, 04, 00, 02) 0x07, 0.0546875
(02, 04, 00, 03) 0x0f, 0.1171875
(02, 04, 00, 04) 0xf2, -0.109375
(02, 04, 01, 00) 0x00, 0.0
(02, 04, 01, 01) 0xf0, -0.125
(02, 04, 01, 02) 0x01, 0.0078125
(02, 04, 01, 03) 0x1c, 0.21875
(02, 04, 01, 04) 0x06, 0.046875
(02, 04, 02, 00) 0xf6, -0.078125
(02, 04, 02, 01) 0xe8, -0.1875
(02, 04, 02, 02) 0xf8, -0.0625
(02, 04, 02, 03) 0x0a, 0.078125
(02, 04, 02, 04) 0x17, 0.1796875
(02, 04, 03, 00) 0xee, -0.140625
(02, 04, 03, 01) 0xe5, -0.2109375
(02, 04, 03, 02) 0xf2, -0.109375
(02, 04, 03, 03) 0x01, 0.0078125
(02, 04, 03, 04) 0x07, 0.0546875
(02, 04, 04, 00) 0xf7, -0.0703125
(02, 04, 04, 01) 0x05, 0.0390625
(02, 04, 04, 02) 0x10, 0.125
(02, 04, 04, 03) 0x01, 0.0078125
(02, 04, 04, 04) 0x08, 0.0625
(02, 05, 00, 00) 0xf9, -0.0546875
(02, 05, 00, 01) 0x00, 0.0
(02, 05, 00, 02) 0x16, 0.171875
(02, 05, 00, 03) 0x00, 0.0
(02, 05, 00, 04) 0xf1, -0.1171875
(02, 05, 01, 00) 0xfd, -0.0234375
(02, 05, 01, 01) 0x00, 0.0
(02, 05, 01, 02) 0xff, -0.0078125
(02, 05, 01, 03) 0x09, 0.0703125
(02, 05, 01, 04) 0x00, 0.0
(02, 05, 02, 00) 0xff, -0.0078125
(02, 05, 02, 01) 0xfe, -0.015625
(02, 05, 02, 02) 0x05, 0.0390625
(02, 05, 02, 03) 0xe8, -0.1875
(02, 05, 02, 04) 0x00, 0.0
(02, 05, 03, 00) 0x04, 0.03125
(02, 05, 03, 01) 0xf3, -0.1015625
(02, 05, 03, 02) 0xfd, -0.0234375
(02, 05, 03, 03) 0x01, 0.0078125
(02, 05, 03, 04) 0xf7, -0.0703125
(02, 05, 04, 00) 0x0f, 0.1171875
(02, 05, 04, 01) 0x0c, 0.09375
(02, 05, 04, 02) 0x0c, 0.09375
(02, 05, 04, 03) 0xfc, -0.03125
(02, 05, 04, 04) 0xf2, -0.109375
(03, 00, 00, 00) 0xe2, -0.234375
(03, 00, 00, 01) 0xe3, -0.2265625
(03, 00, 00, 02) 0xf4, -0.09375
(03, 00, 00, 03) 0x10, 0.125
(03, 00, 00, 04) 0x16, 0.171875
(03, 00, 01, 00) 0xdd, -0.2734375
(03, 00, 01, 01) 0xde, -0.265625
(03, 00, 01, 02) 0xf8, -0.0625
(03, 00, 01, 03) 0x07, 0.0546875
(03, 00, 01, 04) 0x06, 0.046875
(03, 00, 02, 00) 0x05, 0.0390625
(03, 00, 02, 01) 0x10, 0.125
(03, 00, 02, 02) 0x28, 0.3125
(03, 00, 02, 03) 0x2a, 0.328125
(03, 00, 02, 04) 0x13, 0.1484375
(03, 00, 03, 00) 0xea, -0.171875
(03, 00, 03, 01) 0x0b, 0.0859375
(03, 00, 03, 02) 0x03, 0.0234375
(03, 00, 03, 03) 0x13, 0.1484375
(03, 00, 03, 04) 0x1a, 0.203125
(03, 00, 04, 00) 0xef, -0.1328125
(03, 00, 04, 01) 0x0c, 0.09375
(03, 00, 04, 02) 0x09, 0.0703125
(03, 00, 04, 03) 0x13, 0.1484375
(03, 00, 04, 04) 0x11, 0.1328125
(03, 01, 00, 00) 0xf9, -0.0546875
(03, 01, 00, 01) 0x00, 0.0
(03, 01, 00, 02) 0x03, 0.0234375
(03, 01, 00, 03) 0xf7, -0.0703125
(03, 01, 00, 04) 0xfb, -0.0390625
(03, 01, 01, 00) 0x06, 0.046875
(03, 01, 01, 01) 0xff, -0.0078125
(03, 01, 01, 02) 0xe8, -0.1875
(03, 01, 01, 03) 0xfd, -0.0234375
(03, 01, 01, 04) 0xf5, -0.0859375
(03, 01, 02, 00) 0xff, -0.0078125
(03, 01, 02, 01) 0x01, 0.0078125
(03, 01, 02, 02) 0x03, 0.0234375
(03, 01, 02, 03) 0x17, 0.1796875
(03, 01, 02, 04) 0x1e, 0.234375
(03, 01, 03, 00) 0xe2, -0.234375
(03, 01, 03, 01) 0xfb, -0.0390625
(03, 01, 03, 02) 0xfd, -0.0234375
(03, 01, 03, 03) 0x00, 0.0
(03, 01, 03, 04) 0x07, 0.0546875
(03, 01, 04, 00) 0x0d, 0.1015625
(03, 01, 04, 01) 0xf6, -0.078125
(03, 01, 04, 02) 0xfd, -0.0234375
(03, 01, 04, 03) 0xf1, -0.1171875
(03, 01, 04, 04) 0x01, 0.0078125
(03, 02, 00, 00) 0x02, 0.015625
(03, 02, 00, 01) 0x15, 0.1640625
(03, 02, 00, 02) 0x07, 0.0546875
(03, 02, 00, 03) 0x05, 0.0390625
(03, 02, 00, 04) 0xf5, -0.0859375
(03, 02, 01, 00) 0x04, 0.03125
(03, 02, 01, 01) 0xf7, -0.0703125
(03, 02, 01, 02) 0xdc, -0.28125
(03, 02, 01, 03) 0xf0, -0.125
(03, 02, 01, 04) 0xe8, -0.1875
(03, 02, 02, 00) 0xfe, -0.015625
(03, 02, 02, 01) 0x04, 0.03125
(03, 02, 02, 02) 0x07, 0.0546875
(03, 02, 02, 03) 0xe8, -0.1875
(03, 02, 02, 04) 0xe6, -0.203125
(03, 02, 03, 00) 0x00, 0.0
(03, 02, 03, 01) 0x03, 0.0234375
(03, 02, 03, 02) 0x08, 0.0625
(03, 02, 03, 03) 0xf6, -0.078125
(03, 02, 03, 04) 0xf7, -0.0703125
(03, 02, 04, 00) 0xfc, -0.03125
(03, 02, 04, 01) 0xf4, -0.09375
(03, 02, 04, 02) 0x01, 0.0078125
(03, 02, 04, 03) 0xfd, -0.0234375
(03, 02, 04, 04) 0xf7, -0.0703125
(03, 03, 00, 00) 0x0d, 0.1015625
(03, 03, 00, 01) 0xff, -0.0078125
(03, 03, 00, 02) 0xee, -0.140625
(03, 03, 00, 03) 0x02, 0.015625
(03, 03, 00, 04) 0x0e, 0.109375
(03, 03, 01, 00) 0x01, 0.0078125
(03, 03, 01, 01) 0xd4, -0.34375
(03, 03, 01, 02) 0xe7, -0.1953125
(03, 03, 01, 03) 0xdf, -0.2578125
(03, 03, 01, 04) 0x06, 0.046875
(03, 03, 02, 00) 0xe9, -0.1796875
(03, 03, 02, 01) 0xec, -0.15625
(03, 03, 02, 02) 0xdf, -0.2578125
(03, 03, 02, 03) 0xe2, -0.234375
(03, 03, 02, 04) 0xdb, -0.2890625
(03, 03, 03, 00) 0xf9, -0.0546875
(03, 03, 03, 01) 0xfe, -0.015625
(03, 03, 03, 02) 0x0c, 0.09375
(03, 03, 03, 03) 0x0b, 0.0859375
(03, 03, 03, 04) 0xf6, -0.078125
(03, 03, 04, 00) 0xe9, -0.1796875
(03, 03, 04, 01) 0xf7, -0.0703125
(03, 03, 04, 02) 0xf9, -0.0546875
(03, 03, 04, 03) 0xf6, -0.078125
(03, 03, 04, 04) 0x05, 0.0390625
(03, 04, 00, 00) 0x05, 0.0390625
(03, 04, 00, 01) 0x0a, 0.078125
(03, 04, 00, 02) 0xfb, -0.0390625
(03, 04, 00, 03) 0xde, -0.265625
(03, 04, 00, 04) 0xfd, -0.0234375
(03, 04, 01, 00) 0x04, 0.03125
(03, 04, 01, 01) 0xf9, -0.0546875
(03, 04, 01, 02) 0xe6, -0.203125
(03, 04, 01, 03) 0xe8, -0.1875
(03, 04, 01, 04) 0xf3, -0.1015625
(03, 04, 02, 00) 0xfb, -0.0390625
(03, 04, 02, 01) 0x01, 0.0078125
(03, 04, 02, 02) 0x00, 0.0
(03, 04, 02, 03) 0xf0, -0.125
(03, 04, 02, 04) 0x01, 0.0078125
(03, 04, 03, 00) 0x09, 0.0703125
(03, 04, 03, 01) 0x0f, 0.1171875
(03, 04, 03, 02) 0xfa, -0.046875
(03, 04, 03, 03) 0x05, 0.0390625
(03, 04, 03, 04) 0x0e, 0.109375
(03, 04, 04, 00) 0x0e, 0.109375
(03, 04, 04, 01) 0xfd, -0.0234375
(03, 04, 04, 02) 0x00, 0.0
(03, 04, 04, 03) 0xf7, -0.0703125
(03, 04, 04, 04) 0x16, 0.171875
(03, 05, 00, 00) 0x03, 0.0234375
(03, 05, 00, 01) 0xf8, -0.0625
(03, 05, 00, 02) 0xfc, -0.03125
(03, 05, 00, 03) 0x02, 0.015625
(03, 05, 00, 04) 0x01, 0.0078125
(03, 05, 01, 00) 0x14, 0.15625
(03, 05, 01, 01) 0x06, 0.046875
(03, 05, 01, 02) 0xfc, -0.03125
(03, 05, 01, 03) 0xef, -0.1328125
(03, 05, 01, 04) 0xdf, -0.2578125
(03, 05, 02, 00) 0xfe, -0.015625
(03, 05, 02, 01) 0x00, 0.0
(03, 05, 02, 02) 0x20, 0.25
(03, 05, 02, 03) 0x01, 0.0078125
(03, 05, 02, 04) 0xfa, -0.046875
(03, 05, 03, 00) 0x0d, 0.1015625
(03, 05, 03, 01) 0x20, 0.25
(03, 05, 03, 02) 0x12, 0.140625
(03, 05, 03, 03) 0x00, 0.0
(03, 05, 03, 04) 0x08, 0.0625
(03, 05, 04, 00) 0x0b, 0.0859375
(03, 05, 04, 01) 0x0d, 0.1015625
(03, 05, 04, 02) 0x00, 0.0
(03, 05, 04, 03) 0x07, 0.0546875
(03, 05, 04, 04) 0xfd, -0.0234375
(04, 00, 00, 00) 0x0d, 0.1015625
(04, 00, 00, 01) 0x16, 0.171875
(04, 00, 00, 02) 0x07, 0.0546875
(04, 00, 00, 03) 0xf7, -0.0703125
(04, 00, 00, 04) 0xfc, -0.03125
(04, 00, 01, 00) 0xfe, -0.015625
(04, 00, 01, 01) 0xf3, -0.1015625
(04, 00, 01, 02) 0xef, -0.1328125
(04, 00, 01, 03) 0xfb, -0.0390625
(04, 00, 01, 04) 0x04, 0.03125
(04, 00, 02, 00) 0xf4, -0.09375
(04, 00, 02, 01) 0xef, -0.1328125
(04, 00, 02, 02) 0xf4, -0.09375
(04, 00, 02, 03) 0x05, 0.0390625
(04, 00, 02, 04) 0xf5, -0.0859375
(04, 00, 03, 00) 0x0d, 0.1015625
(04, 00, 03, 01) 0x08, 0.0625
(04, 00, 03, 02) 0x0d, 0.1015625
(04, 00, 03, 03) 0x08, 0.0625
(04, 00, 03, 04) 0xfd, -0.0234375
(04, 00, 04, 00) 0xfe, -0.015625
(04, 00, 04, 01) 0x03, 0.0234375
(04, 00, 04, 02) 0xfb, -0.0390625
(04, 00, 04, 03) 0xf9, -0.0546875
(04, 00, 04, 04) 0x0b, 0.0859375
(04, 01, 00, 00) 0x05, 0.0390625
(04, 01, 00, 01) 0xfc, -0.03125
(04, 01, 00, 02) 0x03, 0.0234375
(04, 01, 00, 03) 0x00, 0.0
(04, 01, 00, 04) 0x04, 0.03125
(04, 01, 01, 00) 0xed, -0.1484375
(04, 01, 01, 01) 0xe9, -0.1796875
(04, 01, 01, 02) 0x05, 0.0390625
(04, 01, 01, 03) 0x09, 0.0703125
(04, 01, 01, 04) 0xfe, -0.015625
(04, 01, 02, 00) 0xe6, -0.203125
(04, 01, 02, 01) 0xfe, -0.015625
(04, 01, 02, 02) 0x0c, 0.09375
(04, 01, 02, 03) 0x14, 0.15625
(04, 01, 02, 04) 0x0c, 0.09375
(04, 01, 03, 00) 0xf5, -0.0859375
(04, 01, 03, 01) 0x0a, 0.078125
(04, 01, 03, 02) 0x04, 0.03125
(04, 01, 03, 03) 0xf2, -0.109375
(04, 01, 03, 04) 0x05, 0.0390625
(04, 01, 04, 00) 0x02, 0.015625
(04, 01, 04, 01) 0x0d, 0.1015625
(04, 01, 04, 02) 0x08, 0.0625
(04, 01, 04, 03) 0xf7, -0.0703125
(04, 01, 04, 04) 0xfb, -0.0390625
(04, 02, 00, 00) 0xef, -0.1328125
(04, 02, 00, 01) 0xe2, -0.234375
(04, 02, 00, 02) 0xdd, -0.2734375
(04, 02, 00, 03) 0xe7, -0.1953125
(04, 02, 00, 04) 0xfc, -0.03125
(04, 02, 01, 00) 0xe7, -0.1953125
(04, 02, 01, 01) 0x05, 0.0390625
(04, 02, 01, 02) 0x0c, 0.09375
(04, 02, 01, 03) 0x0d, 0.1015625
(04, 02, 01, 04) 0x0d, 0.1015625
(04, 02, 02, 00) 0x0a, 0.078125
(04, 02, 02, 01) 0x25, 0.2890625
(04, 02, 02, 02) 0x1c, 0.21875
(04, 02, 02, 03) 0x07, 0.0546875
(04, 02, 02, 04) 0x01, 0.0078125
(04, 02, 03, 00) 0x1b, 0.2109375
(04, 02, 03, 01) 0x06, 0.046875
(04, 02, 03, 02) 0x06, 0.046875
(04, 02, 03, 03) 0x01, 0.0078125
(04, 02, 03, 04) 0xe4, -0.21875
(04, 02, 04, 00) 0xec, -0.15625
(04, 02, 04, 01) 0xd2, -0.359375
(04, 02, 04, 02) 0xd8, -0.3125
(04, 02, 04, 03) 0xea, -0.171875
(04, 02, 04, 04) 0x03, 0.0234375
(04, 03, 00, 00) 0xf6, -0.078125
(04, 03, 00, 01) 0xf1, -0.1171875
(04, 03, 00, 02) 0xfc, -0.03125
(04, 03, 00, 03) 0x04, 0.03125
(04, 03, 00, 04) 0xfa, -0.046875
(04, 03, 01, 00) 0xfc, -0.03125
(04, 03, 01, 01) 0xf9, -0.0546875
(04, 03, 01, 02) 0x18, 0.1875
(04, 03, 01, 03) 0x0a, 0.078125
(04, 03, 01, 04) 0xfd, -0.0234375
(04, 03, 02, 00) 0x07, 0.0546875
(04, 03, 02, 01) 0xfd, -0.0234375
(04, 03, 02, 02) 0xff, -0.0078125
(04, 03, 02, 03) 0xfb, -0.0390625
(04, 03, 02, 04) 0xed, -0.1484375
(04, 03, 03, 00) 0xff, -0.0078125
(04, 03, 03, 01) 0xef, -0.1328125
(04, 03, 03, 02) 0xe0, -0.25
(04, 03, 03, 03) 0xfe, -0.015625
(04, 03, 03, 04) 0xf5, -0.0859375
(04, 03, 04, 00) 0xf5, -0.0859375
(04, 03, 04, 01) 0xe8, -0.1875
(04, 03, 04, 02) 0xf3, -0.1015625
(04, 03, 04, 03) 0xfb, -0.0390625
(04, 03, 04, 04) 0x07, 0.0546875
(04, 04, 00, 00) 0xf1, -0.1171875
(04, 04, 00, 01) 0xe5, -0.2109375
(04, 04, 00, 02) 0xf2, -0.109375
(04, 04, 00, 03) 0xf2, -0.109375
(04, 04, 00, 04) 0x09, 0.0703125
(04, 04, 01, 00) 0xfc, -0.03125
(04, 04, 01, 01) 0xfa, -0.046875
(04, 04, 01, 02) 0x0f, 0.1171875
(04, 04, 01, 03) 0x0b, 0.0859375
(04, 04, 01, 04) 0x16, 0.171875
(04, 04, 02, 00) 0x03, 0.0234375
(04, 04, 02, 01) 0x07, 0.0546875
(04, 04, 02, 02) 0x10, 0.125
(04, 04, 02, 03) 0x0e, 0.109375
(04, 04, 02, 04) 0xfd, -0.0234375
(04, 04, 03, 00) 0x0e, 0.109375
(04, 04, 03, 01) 0x11, 0.1328125
(04, 04, 03, 02) 0xfe, -0.015625
(04, 04, 03, 03) 0xef, -0.1328125
(04, 04, 03, 04) 0xed, -0.1484375
(04, 04, 04, 00) 0xf4, -0.09375
(04, 04, 04, 01) 0xfb, -0.0390625
(04, 04, 04, 02) 0xe9, -0.1796875
(04, 04, 04, 03) 0xec, -0.15625
(04, 04, 04, 04) 0xee, -0.140625
(04, 05, 00, 00) 0xe8, -0.1875
(04, 05, 00, 01) 0xf4, -0.09375
(04, 05, 00, 02) 0x05, 0.0390625
(04, 05, 00, 03) 0xfe, -0.015625
(04, 05, 00, 04) 0xe7, -0.1953125
(04, 05, 01, 00) 0xfc, -0.03125
(04, 05, 01, 01) 0x0c, 0.09375
(04, 05, 01, 02) 0x0d, 0.1015625
(04, 05, 01, 03) 0x0e, 0.109375
(04, 05, 01, 04) 0x0b, 0.0859375
(04, 05, 02, 00) 0x0c, 0.09375
(04, 05, 02, 01) 0x0c, 0.09375
(04, 05, 02, 02) 0x13, 0.1484375
(04, 05, 02, 03) 0xf6, -0.078125
(04, 05, 02, 04) 0xe3, -0.2265625
(04, 05, 03, 00) 0x06, 0.046875
(04, 05, 03, 01) 0x19, 0.1953125
(04, 05, 03, 02) 0x0a, 0.078125
(04, 05, 03, 03) 0xf5, -0.0859375
(04, 05, 03, 04) 0xdf, -0.2578125
(04, 05, 04, 00) 0xfa, -0.046875
(04, 05, 04, 01) 0xed, -0.1484375
(04, 05, 04, 02) 0xe3, -0.2265625
(04, 05, 04, 03) 0xf5, -0.0859375
(04, 05, 04, 04) 0xf6, -0.078125
(05, 00, 00, 00) 0xdb, -0.2890625
(05, 00, 00, 01) 0xf5, -0.0859375
(05, 00, 00, 02) 0xe0, -0.25
(05, 00, 00, 03) 0xf5, -0.0859375
(05, 00, 00, 04) 0xe9, -0.1796875
(05, 00, 01, 00) 0xfa, -0.046875
(05, 00, 01, 01) 0x0a, 0.078125
(05, 00, 01, 02) 0x0a, 0.078125
(05, 00, 01, 03) 0x0b, 0.0859375
(05, 00, 01, 04) 0x0f, 0.1171875
(05, 00, 02, 00) 0x32, 0.390625
(05, 00, 02, 01) 0x24, 0.28125
(05, 00, 02, 02) 0x14, 0.15625
(05, 00, 02, 03) 0x02, 0.015625
(05, 00, 02, 04) 0xf9, -0.0546875
(05, 00, 03, 00) 0x1b, 0.2109375
(05, 00, 03, 01) 0xfb, -0.0390625
(05, 00, 03, 02) 0xf7, -0.0703125
(05, 00, 03, 03) 0xe8, -0.1875
(05, 00, 03, 04) 0xce, -0.390625
(05, 00, 04, 00) 0x16, 0.171875
(05, 00, 04, 01) 0x05, 0.0390625
(05, 00, 04, 02) 0xf2, -0.109375
(05, 00, 04, 03) 0xfd, -0.0234375
(05, 00, 04, 04) 0x09, 0.0703125
(05, 01, 00, 00) 0xf3, -0.1015625
(05, 01, 00, 01) 0x01, 0.0078125
(05, 01, 00, 02) 0x02, 0.015625
(05, 01, 00, 03) 0xf2, -0.109375
(05, 01, 00, 04) 0x04, 0.03125
(05, 01, 01, 00) 0x0c, 0.09375
(05, 01, 01, 01) 0x06, 0.046875
(05, 01, 01, 02) 0x11, 0.1328125
(05, 01, 01, 03) 0x00, 0.0
(05, 01, 01, 04) 0xf7, -0.0703125
(05, 01, 02, 00) 0x11, 0.1328125
(05, 01, 02, 01) 0x0b, 0.0859375
(05, 01, 02, 02) 0x15, 0.1640625
(05, 01, 02, 03) 0x01, 0.0078125
(05, 01, 02, 04) 0xf8, -0.0625
(05, 01, 03, 00) 0xf5, -0.0859375
(05, 01, 03, 01) 0xf6, -0.078125
(05, 01, 03, 02) 0xeb, -0.1640625
(05, 01, 03, 03) 0xed, -0.1484375
(05, 01, 03, 04) 0xef, -0.1328125
(05, 01, 04, 00) 0xf6, -0.078125
(05, 01, 04, 01) 0xfd, -0.0234375
(05, 01, 04, 02) 0xf9, -0.0546875
(05, 01, 04, 03) 0xe3, -0.2265625
(05, 01, 04, 04) 0xfd, -0.0234375
(05, 02, 00, 00) 0x01, 0.0078125
(05, 02, 00, 01) 0xfa, -0.046875
(05, 02, 00, 02) 0xfb, -0.0390625
(05, 02, 00, 03) 0xfb, -0.0390625
(05, 02, 00, 04) 0xfd, -0.0234375
(05, 02, 01, 00) 0xe9, -0.1796875
(05, 02, 01, 01) 0xf1, -0.1171875
(05, 02, 01, 02) 0xf7, -0.0703125
(05, 02, 01, 03) 0x1b, 0.2109375
(05, 02, 01, 04) 0x23, 0.2734375
(05, 02, 02, 00) 0xff, -0.0078125
(05, 02, 02, 01) 0x04, 0.03125
(05, 02, 02, 02) 0x1e, 0.234375
(05, 02, 02, 03) 0x20, 0.25
(05, 02, 02, 04) 0x17, 0.1796875
(05, 02, 03, 00) 0xf9, -0.0546875
(05, 02, 03, 01) 0xfd, -0.0234375
(05, 02, 03, 02) 0x11, 0.1328125
(05, 02, 03, 03) 0xf0, -0.125
(05, 02, 03, 04) 0xe4, -0.21875
(05, 02, 04, 00) 0xe5, -0.2109375
(05, 02, 04, 01) 0xed, -0.1484375
(05, 02, 04, 02) 0xf2, -0.109375
(05, 02, 04, 03) 0x08, 0.0625
(05, 02, 04, 04) 0x07, 0.0546875
(05, 03, 00, 00) 0x05, 0.0390625
(05, 03, 00, 01) 0xfd, -0.0234375
(05, 03, 00, 02) 0x04, 0.03125
(05, 03, 00, 03) 0xf6, -0.078125
(05, 03, 00, 04) 0xfe, -0.015625
(05, 03, 01, 00) 0xf2, -0.109375
(05, 03, 01, 01) 0x04, 0.03125
(05, 03, 01, 02) 0xfa, -0.046875
(05, 03, 01, 03) 0x09, 0.0703125
(05, 03, 01, 04) 0xf9, -0.0546875
(05, 03, 02, 00) 0xfd, -0.0234375
(05, 03, 02, 01) 0x0d, 0.1015625
(05, 03, 02, 02) 0x0b, 0.0859375
(05, 03, 02, 03) 0x05, 0.0390625
(05, 03, 02, 04) 0x09, 0.0703125
(05, 03, 03, 00) 0xfc, -0.03125
(05, 03, 03, 01) 0xfa, -0.046875
(05, 03, 03, 02) 0xf8, -0.0625
(05, 03, 03, 03) 0xf4, -0.09375
(05, 03, 03, 04) 0xfc, -0.03125
(05, 03, 04, 00) 0xf4, -0.09375
(05, 03, 04, 01) 0xdd, -0.2734375
(05, 03, 04, 02) 0xe9, -0.1796875
(05, 03, 04, 03) 0xfe, -0.015625
(05, 03, 04, 04) 0x01, 0.0078125
(05, 04, 00, 00) 0x01, 0.0078125
(05, 04, 00, 01) 0xf9, -0.0546875
(05, 04, 00, 02) 0x00, 0.0
(05, 04, 00, 03) 0xf2, -0.109375
(05, 04, 00, 04) 0x02, 0.015625
(05, 04, 01, 00) 0x09, 0.0703125
(05, 04, 01, 01) 0x12, 0.140625
(05, 04, 01, 02) 0x0e, 0.109375
(05, 04, 01, 03) 0x04, 0.03125
(05, 04, 01, 04) 0x0e, 0.109375
(05, 04, 02, 00) 0x05, 0.0390625
(05, 04, 02, 01) 0xfd, -0.0234375
(05, 04, 02, 02) 0x0b, 0.0859375
(05, 04, 02, 03) 0xfd, -0.0234375
(05, 04, 02, 04) 0xfa, -0.046875
(05, 04, 03, 00) 0xfc, -0.03125
(05, 04, 03, 01) 0xee, -0.140625
(05, 04, 03, 02) 0xe3, -0.2265625
(05, 04, 03, 03) 0xe0, -0.25
(05, 04, 03, 04) 0xe9, -0.1796875
(05, 04, 04, 00) 0xfc, -0.03125
(05, 04, 04, 01) 0xf1, -0.1171875
(05, 04, 04, 02) 0xd6, -0.328125
(05, 04, 04, 03) 0xec, -0.15625
(05, 04, 04, 04) 0xfd, -0.0234375
(05, 05, 00, 00) 0xf9, -0.0546875
(05, 05, 00, 01) 0x06, 0.046875
(05, 05, 00, 02) 0x05, 0.0390625
(05, 05, 00, 03) 0x07, 0.0546875
(05, 05, 00, 04) 0xfb, -0.0390625
(05, 05, 01, 00) 0xf8, -0.0625
(05, 05, 01, 01) 0x00, 0.0
(05, 05, 01, 02) 0xf8, -0.0625
(05, 05, 01, 03) 0x00, 0.0
(05, 05, 01, 04) 0x01, 0.0078125
(05, 05, 02, 00) 0xf6, -0.078125
(05, 05, 02, 01) 0xf6, -0.078125
(05, 05, 02, 02) 0x0d, 0.1015625
(05, 05, 02, 03) 0x18, 0.1875
(05, 05, 02, 04) 0x15, 0.1640625
(05, 05, 03, 00) 0xff, -0.0078125
(05, 05, 03, 01) 0xf8, -0.0625
(05, 05, 03, 02) 0x0a, 0.078125
(05, 05, 03, 03) 0x09, 0.0703125
(05, 05, 03, 04) 0xe9, -0.1796875
(05, 05, 04, 00) 0xd4, -0.34375
(05, 05, 04, 01) 0xee, -0.140625
(05, 05, 04, 02) 0xe3, -0.2265625
(05, 05, 04, 03) 0x03, 0.0234375
(05, 05, 04, 04) 0x16, 0.171875
(06, 00, 00, 00) 0x0c, 0.09375
(06, 00, 00, 01) 0x02, 0.015625
(06, 00, 00, 02) 0x04, 0.03125
(06, 00, 00, 03) 0x0e, 0.109375
(06, 00, 00, 04) 0xfd, -0.0234375
(06, 00, 01, 00) 0x1c, 0.21875
(06, 00, 01, 01) 0x11, 0.1328125
(06, 00, 01, 02) 0x1d, 0.2265625
(06, 00, 01, 03) 0x03, 0.0234375
(06, 00, 01, 04) 0xfc, -0.03125
(06, 00, 02, 00) 0xde, -0.265625
(06, 00, 02, 01) 0xd9, -0.3046875
(06, 00, 02, 02) 0xd9, -0.3046875
(06, 00, 02, 03) 0xfc, -0.03125
(06, 00, 02, 04) 0x1d, 0.2265625
(06, 00, 03, 00) 0x18, 0.1875
(06, 00, 03, 01) 0xe4, -0.21875
(06, 00, 03, 02) 0xef, -0.1328125
(06, 00, 03, 03) 0xe8, -0.1875
(06, 00, 03, 04) 0xfa, -0.046875
(06, 00, 04, 00) 0x0c, 0.09375
(06, 00, 04, 01) 0x0a, 0.078125
(06, 00, 04, 02) 0xf7, -0.0703125
(06, 00, 04, 03) 0xff, -0.0078125
(06, 00, 04, 04) 0xfc, -0.03125
(06, 01, 00, 00) 0x02, 0.015625
(06, 01, 00, 01) 0x0c, 0.09375
(06, 01, 00, 02) 0x0e, 0.109375
(06, 01, 00, 03) 0x10, 0.125
(06, 01, 00, 04) 0xf4, -0.09375
(06, 01, 01, 00) 0xf1, -0.1171875
(06, 01, 01, 01) 0xf6, -0.078125
(06, 01, 01, 02) 0x00, 0.0
(06, 01, 01, 03) 0x13, 0.1484375
(06, 01, 01, 04) 0x03, 0.0234375
(06, 01, 02, 00) 0xf0, -0.125
(06, 01, 02, 01) 0xdc, -0.28125
(06, 01, 02, 02) 0xe6, -0.203125
(06, 01, 02, 03) 0x0b, 0.0859375
(06, 01, 02, 04) 0xff, -0.0078125
(06, 01, 03, 00) 0xfb, -0.0390625
(06, 01, 03, 01) 0xf1, -0.1171875
(06, 01, 03, 02) 0xea, -0.171875
(06, 01, 03, 03) 0xfc, -0.03125
(06, 01, 03, 04) 0xfc, -0.03125
(06, 01, 04, 00) 0x1d, 0.2265625
(06, 01, 04, 01) 0x09, 0.0703125
(06, 01, 04, 02) 0x01, 0.0078125
(06, 01, 04, 03) 0xf2, -0.109375
(06, 01, 04, 04) 0xf4, -0.09375
(06, 02, 00, 00) 0x02, 0.015625
(06, 02, 00, 01) 0x06, 0.046875
(06, 02, 00, 02) 0x0b, 0.0859375
(06, 02, 00, 03) 0x01, 0.0078125
(06, 02, 00, 04) 0xf9, -0.0546875
(06, 02, 01, 00) 0x0e, 0.109375
(06, 02, 01, 01) 0xfc, -0.03125
(06, 02, 01, 02) 0xf0, -0.125
(06, 02, 01, 03) 0xe8, -0.1875
(06, 02, 01, 04) 0x0c, 0.09375
(06, 02, 02, 00) 0xdf, -0.2578125
(06, 02, 02, 01) 0xd8, -0.3125
(06, 02, 02, 02) 0xff, -0.0078125
(06, 02, 02, 03) 0xff, -0.0078125
(06, 02, 02, 04) 0x03, 0.0234375
(06, 02, 03, 00) 0x03, 0.0234375
(06, 02, 03, 01) 0x0e, 0.109375
(06, 02, 03, 02) 0x11, 0.1328125
(06, 02, 03, 03) 0x03, 0.0234375
(06, 02, 03, 04) 0xfb, -0.0390625
(06, 02, 04, 00) 0xf9, -0.0546875
(06, 02, 04, 01) 0x01, 0.0078125
(06, 02, 04, 02) 0xf0, -0.125
(06, 02, 04, 03) 0xf5, -0.0859375
(06, 02, 04, 04) 0x01, 0.0078125
(06, 03, 00, 00) 0x0f, 0.1171875
(06, 03, 00, 01) 0xee, -0.140625
(06, 03, 00, 02) 0xfe, -0.015625
(06, 03, 00, 03) 0xdc, -0.28125
(06, 03, 00, 04) 0xf9, -0.0546875
(06, 03, 01, 00) 0x11, 0.1328125
(06, 03, 01, 01) 0x01, 0.0078125
(06, 03, 01, 02) 0x0c, 0.09375
(06, 03, 01, 03) 0x02, 0.015625
(06, 03, 01, 04) 0xf6, -0.078125
(06, 03, 02, 00) 0xf6, -0.078125
(06, 03, 02, 01) 0x03, 0.0234375
(06, 03, 02, 02) 0x15, 0.1640625
(06, 03, 02, 03) 0x10, 0.125
(06, 03, 02, 04) 0x06, 0.046875
(06, 03, 03, 00) 0xe5, -0.2109375
(06, 03, 03, 01) 0xf4, -0.09375
(06, 03, 03, 02) 0xf2, -0.109375
(06, 03, 03, 03) 0xe9, -0.1796875
(06, 03, 03, 04) 0x06, 0.046875
(06, 03, 04, 00) 0x0c, 0.09375
(06, 03, 04, 01) 0xf4, -0.09375
(06, 03, 04, 02) 0xdb, -0.2890625
(06, 03, 04, 03) 0xf5, -0.0859375
(06, 03, 04, 04) 0x01, 0.0078125
(06, 04, 00, 00) 0x0a, 0.078125
(06, 04, 00, 01) 0x00, 0.0
(06, 04, 00, 02) 0x06, 0.046875
(06, 04, 00, 03) 0x06, 0.046875
(06, 04, 00, 04) 0xf3, -0.1015625
(06, 04, 01, 00) 0x03, 0.0234375
(06, 04, 01, 01) 0xff, -0.0078125
(06, 04, 01, 02) 0xfe, -0.015625
(06, 04, 01, 03) 0x00, 0.0
(06, 04, 01, 04) 0x0e, 0.109375
(06, 04, 02, 00) 0xe3, -0.2265625
(06, 04, 02, 01) 0xe5, -0.2109375
(06, 04, 02, 02) 0xf4, -0.09375
(06, 04, 02, 03) 0xf8, -0.0625
(06, 04, 02, 04) 0x05, 0.0390625
(06, 04, 03, 00) 0xff, -0.0078125
(06, 04, 03, 01) 0xff, -0.0078125
(06, 04, 03, 02) 0xf6, -0.078125
(06, 04, 03, 03) 0xf6, -0.078125
(06, 04, 03, 04) 0xf3, -0.1015625
(06, 04, 04, 00) 0x12, 0.140625
(06, 04, 04, 01) 0x14, 0.15625
(06, 04, 04, 02) 0xfe, -0.015625
(06, 04, 04, 03) 0xe7, -0.1953125
(06, 04, 04, 04) 0xea, -0.171875
(06, 05, 00, 00) 0x0d, 0.1015625
(06, 05, 00, 01) 0x10, 0.125
(06, 05, 00, 02) 0x15, 0.1640625
(06, 05, 00, 03) 0x04, 0.03125
(06, 05, 00, 04) 0x09, 0.0703125
(06, 05, 01, 00) 0x04, 0.03125
(06, 05, 01, 01) 0x07, 0.0546875
(06, 05, 01, 02) 0x0a, 0.078125
(06, 05, 01, 03) 0xfc, -0.03125
(06, 05, 01, 04) 0x14, 0.15625
(06, 05, 02, 00) 0x02, 0.015625
(06, 05, 02, 01) 0xf6, -0.078125
(06, 05, 02, 02) 0xee, -0.140625
(06, 05, 02, 03) 0xf2, -0.109375
(06, 05, 02, 04) 0x0e, 0.109375
(06, 05, 03, 00) 0x06, 0.046875
(06, 05, 03, 01) 0xff, -0.0078125
(06, 05, 03, 02) 0x03, 0.0234375
(06, 05, 03, 03) 0x05, 0.0390625
(06, 05, 03, 04) 0xfe, -0.015625
(06, 05, 04, 00) 0x06, 0.046875
(06, 05, 04, 01) 0x00, 0.0
(06, 05, 04, 02) 0xfb, -0.0390625
(06, 05, 04, 03) 0xfb, -0.0390625
(06, 05, 04, 04) 0xf3, -0.1015625
(07, 00, 00, 00) 0x02, 0.015625
(07, 00, 00, 01) 0xf8, -0.0625
(07, 00, 00, 02) 0xf5, -0.0859375
(07, 00, 00, 03) 0xfe, -0.015625
(07, 00, 00, 04) 0x15, 0.1640625
(07, 00, 01, 00) 0xfd, -0.0234375
(07, 00, 01, 01) 0xd9, -0.3046875
(07, 00, 01, 02) 0xe4, -0.21875
(07, 00, 01, 03) 0xf5, -0.0859375
(07, 00, 01, 04) 0xf7, -0.0703125
(07, 00, 02, 00) 0xfa, -0.046875
(07, 00, 02, 01) 0xe9, -0.1796875
(07, 00, 02, 02) 0xf1, -0.1171875
(07, 00, 02, 03) 0xd3, -0.3515625
(07, 00, 02, 04) 0xcc, -0.40625
(07, 00, 03, 00) 0xf5, -0.0859375
(07, 00, 03, 01) 0xe8, -0.1875
(07, 00, 03, 02) 0xe9, -0.1796875
(07, 00, 03, 03) 0xdc, -0.28125
(07, 00, 03, 04) 0xea, -0.171875
(07, 00, 04, 00) 0xde, -0.265625
(07, 00, 04, 01) 0xd5, -0.3359375
(07, 00, 04, 02) 0xd6, -0.328125
(07, 00, 04, 03) 0xf1, -0.1171875
(07, 00, 04, 04) 0x0e, 0.109375
(07, 01, 00, 00) 0x00, 0.0
(07, 01, 00, 01) 0x04, 0.03125
(07, 01, 00, 02) 0xfc, -0.03125
(07, 01, 00, 03) 0x07, 0.0546875
(07, 01, 00, 04) 0xfd, -0.0234375
(07, 01, 01, 00) 0x05, 0.0390625
(07, 01, 01, 01) 0x0f, 0.1171875
(07, 01, 01, 02) 0xfb, -0.0390625
(07, 01, 01, 03) 0xe7, -0.1953125
(07, 01, 01, 04) 0xe3, -0.2265625
(07, 01, 02, 00) 0x08, 0.0625
(07, 01, 02, 01) 0x1b, 0.2109375
(07, 01, 02, 02) 0xf0, -0.125
(07, 01, 02, 03) 0xd4, -0.34375
(07, 01, 02, 04) 0xe7, -0.1953125
(07, 01, 03, 00) 0x10, 0.125
(07, 01, 03, 01) 0x0e, 0.109375
(07, 01, 03, 02) 0xd1, -0.3671875
(07, 01, 03, 03) 0xf0, -0.125
(07, 01, 03, 04) 0x0c, 0.09375
(07, 01, 04, 00) 0x08, 0.0625
(07, 01, 04, 01) 0xf3, -0.1015625
(07, 01, 04, 02) 0xe2, -0.234375
(07, 01, 04, 03) 0x10, 0.125
(07, 01, 04, 04) 0x14, 0.15625
(07, 02, 00, 00) 0xf5, -0.0859375
(07, 02, 00, 01) 0xfc, -0.03125
(07, 02, 00, 02) 0x06, 0.046875
(07, 02, 00, 03) 0x07, 0.0546875
(07, 02, 00, 04) 0xf3, -0.1015625
(07, 02, 01, 00) 0x00, 0.0
(07, 02, 01, 01) 0x03, 0.0234375
(07, 02, 01, 02) 0xfb, -0.0390625
(07, 02, 01, 03) 0xff, -0.0078125
(07, 02, 01, 04) 0xf6, -0.078125
(07, 02, 02, 00) 0x14, 0.15625
(07, 02, 02, 01) 0x06, 0.046875
(07, 02, 02, 02) 0xe2, -0.234375
(07, 02, 02, 03) 0x05, 0.0390625
(07, 02, 02, 04) 0x12, 0.140625
(07, 02, 03, 00) 0x18, 0.1875
(07, 02, 03, 01) 0x02, 0.015625
(07, 02, 03, 02) 0xf1, -0.1171875
(07, 02, 03, 03) 0x0a, 0.078125
(07, 02, 03, 04) 0x10, 0.125
(07, 02, 04, 00) 0xe8, -0.1875
(07, 02, 04, 01) 0xb9, -0.5546875
(07, 02, 04, 02) 0x0c, 0.09375
(07, 02, 04, 03) 0x05, 0.0390625
(07, 02, 04, 04) 0x0a, 0.078125
(07, 03, 00, 00) 0xf9, -0.0546875
(07, 03, 00, 01) 0x02, 0.015625
(07, 03, 00, 02) 0x0d, 0.1015625
(07, 03, 00, 03) 0xfb, -0.0390625
(07, 03, 00, 04) 0xde, -0.265625
(07, 03, 01, 00) 0x1d, 0.2265625
(07, 03, 01, 01) 0x11, 0.1328125
(07, 03, 01, 02) 0x07, 0.0546875
(07, 03, 01, 03) 0xfc, -0.03125
(07, 03, 01, 04) 0x08, 0.0625
(07, 03, 02, 00) 0x1f, 0.2421875
(07, 03, 02, 01) 0xf1, -0.1171875
(07, 03, 02, 02) 0xe6, -0.203125
(07, 03, 02, 03) 0x0a, 0.078125
(07, 03, 02, 04) 0x18, 0.1875
(07, 03, 03, 00) 0xf8, -0.0625
(07, 03, 03, 01) 0xcd, -0.3984375
(07, 03, 03, 02) 0x12, 0.140625
(07, 03, 03, 03) 0x11, 0.1328125
(07, 03, 03, 04) 0x06, 0.046875
(07, 03, 04, 00) 0xde, -0.265625
(07, 03, 04, 01) 0xee, -0.140625
(07, 03, 04, 02) 0x21, 0.2578125
(07, 03, 04, 03) 0x06, 0.046875
(07, 03, 04, 04) 0xf0, -0.125
(07, 04, 00, 00) 0xfa, -0.046875
(07, 04, 00, 01) 0x04, 0.03125
(07, 04, 00, 02) 0xff, -0.0078125
(07, 04, 00, 03) 0x0f, 0.1171875
(07, 04, 00, 04) 0x08, 0.0625
(07, 04, 01, 00) 0x01, 0.0078125
(07, 04, 01, 01) 0x0e, 0.109375
(07, 04, 01, 02) 0x04, 0.03125
(07, 04, 01, 03) 0xfe, -0.015625
(07, 04, 01, 04) 0xf3, -0.1015625
(07, 04, 02, 00) 0x0d, 0.1015625
(07, 04, 02, 01) 0x10, 0.125
(07, 04, 02, 02) 0xee, -0.140625
(07, 04, 02, 03) 0xe9, -0.1796875
(07, 04, 02, 04) 0xf5, -0.0859375
(07, 04, 03, 00) 0x0b, 0.0859375
(07, 04, 03, 01) 0xf0, -0.125
(07, 04, 03, 02) 0xeb, -0.1640625
(07, 04, 03, 03) 0x02, 0.015625
(07, 04, 03, 04) 0x12, 0.140625
(07, 04, 04, 00) 0xf1, -0.1171875
(07, 04, 04, 01) 0xdd, -0.2734375
(07, 04, 04, 02) 0x02, 0.015625
(07, 04, 04, 03) 0x0c, 0.09375
(07, 04, 04, 04) 0x03, 0.0234375
(07, 05, 00, 00) 0xfe, -0.015625
(07, 05, 00, 01) 0xf6, -0.078125
(07, 05, 00, 02) 0xf2, -0.109375
(07, 05, 00, 03) 0xf3, -0.1015625
(07, 05, 00, 04) 0x0a, 0.078125
(07, 05, 01, 00) 0x09, 0.0703125
(07, 05, 01, 01) 0xf9, -0.0546875
(07, 05, 01, 02) 0xe6, -0.203125
(07, 05, 01, 03) 0xef, -0.1328125
(07, 05, 01, 04) 0xee, -0.140625
(07, 05, 02, 00) 0x0c, 0.09375
(07, 05, 02, 01) 0xd7, -0.3203125
(07, 05, 02, 02) 0xe2, -0.234375
(07, 05, 02, 03) 0xee, -0.140625
(07, 05, 02, 04) 0xfd, -0.0234375
(07, 05, 03, 00) 0x09, 0.0703125
(07, 05, 03, 01) 0xf3, -0.1015625
(07, 05, 03, 02) 0xf8, -0.0625
(07, 05, 03, 03) 0x0c, 0.09375
(07, 05, 03, 04) 0x21, 0.2578125
(07, 05, 04, 00) 0x08, 0.0625
(07, 05, 04, 01) 0xe1, -0.2421875
(07, 05, 04, 02) 0xff, -0.0078125
(07, 05, 04, 03) 0x18, 0.1875
(07, 05, 04, 04) 0x0e, 0.109375
(08, 00, 00, 00) 0xe5, -0.2109375
(08, 00, 00, 01) 0xf2, -0.109375
(08, 00, 00, 02) 0xdc, -0.28125
(08, 00, 00, 03) 0xf8, -0.0625
(08, 00, 00, 04) 0x12, 0.140625
(08, 00, 01, 00) 0x0b, 0.0859375
(08, 00, 01, 01) 0x01, 0.0078125
(08, 00, 01, 02) 0x10, 0.125
(08, 00, 01, 03) 0xfc, -0.03125
(08, 00, 01, 04) 0xf0, -0.125
(08, 00, 02, 00) 0x19, 0.1953125
(08, 00, 02, 01) 0x1f, 0.2421875
(08, 00, 02, 02) 0x28, 0.3125
(08, 00, 02, 03) 0x15, 0.1640625
(08, 00, 02, 04) 0x0a, 0.078125
(08, 00, 03, 00) 0xe8, -0.1875
(08, 00, 03, 01) 0x00, 0.0
(08, 00, 03, 02) 0x17, 0.1796875
(08, 00, 03, 03) 0x21, 0.2578125
(08, 00, 03, 04) 0x1a, 0.203125
(08, 00, 04, 00) 0x12, 0.140625
(08, 00, 04, 01) 0xf5, -0.0859375
(08, 00, 04, 02) 0xe0, -0.25
(08, 00, 04, 03) 0xf0, -0.125
(08, 00, 04, 04) 0xf0, -0.125
(08, 01, 00, 00) 0xff, -0.0078125
(08, 01, 00, 01) 0xf9, -0.0546875
(08, 01, 00, 02) 0xfb, -0.0390625
(08, 01, 00, 03) 0xfc, -0.03125
(08, 01, 00, 04) 0x03, 0.0234375
(08, 01, 01, 00) 0xfa, -0.046875
(08, 01, 01, 01) 0x0d, 0.1015625
(08, 01, 01, 02) 0x0a, 0.078125
(08, 01, 01, 03) 0x05, 0.0390625
(08, 01, 01, 04) 0x01, 0.0078125
(08, 01, 02, 00) 0xfa, -0.046875
(08, 01, 02, 01) 0x09, 0.0703125
(08, 01, 02, 02) 0x12, 0.140625
(08, 01, 02, 03) 0xff, -0.0078125
(08, 01, 02, 04) 0x0b, 0.0859375
(08, 01, 03, 00) 0xfb, -0.0390625
(08, 01, 03, 01) 0xf4, -0.09375
(08, 01, 03, 02) 0xfe, -0.015625
(08, 01, 03, 03) 0xfd, -0.0234375
(08, 01, 03, 04) 0xff, -0.0078125
(08, 01, 04, 00) 0x02, 0.015625
(08, 01, 04, 01) 0xef, -0.1328125
(08, 01, 04, 02) 0xe9, -0.1796875
(08, 01, 04, 03) 0xe5, -0.2109375
(08, 01, 04, 04) 0xf8, -0.0625
(08, 02, 00, 00) 0x03, 0.0234375
(08, 02, 00, 01) 0xf7, -0.0703125
(08, 02, 00, 02) 0x03, 0.0234375
(08, 02, 00, 03) 0x0c, 0.09375
(08, 02, 00, 04) 0xff, -0.0078125
(08, 02, 01, 00) 0x05, 0.0390625
(08, 02, 01, 01) 0xef, -0.1328125
(08, 02, 01, 02) 0xf2, -0.109375
(08, 02, 01, 03) 0xf6, -0.078125
(08, 02, 01, 04) 0xee, -0.140625
(08, 02, 02, 00) 0x09, 0.0703125
(08, 02, 02, 01) 0x03, 0.0234375
(08, 02, 02, 02) 0xfc, -0.03125
(08, 02, 02, 03) 0xf6, -0.078125
(08, 02, 02, 04) 0x11, 0.1328125
(08, 02, 03, 00) 0xff, -0.0078125
(08, 02, 03, 01) 0x00, 0.0
(08, 02, 03, 02) 0x08, 0.0625
(08, 02, 03, 03) 0x09, 0.0703125
(08, 02, 03, 04) 0x09, 0.0703125
(08, 02, 04, 00) 0xf6, -0.078125
(08, 02, 04, 01) 0xf6, -0.078125
(08, 02, 04, 02) 0x07, 0.0546875
(08, 02, 04, 03) 0x00, 0.0
(08, 02, 04, 04) 0xf2, -0.109375
(08, 03, 00, 00) 0xf6, -0.078125
(08, 03, 00, 01) 0xf5, -0.0859375
(08, 03, 00, 02) 0xfa, -0.046875
(08, 03, 00, 03) 0x0d, 0.1015625
(08, 03, 00, 04) 0x08, 0.0625
(08, 03, 01, 00) 0xfd, -0.0234375
(08, 03, 01, 01) 0xe3, -0.2265625
(08, 03, 01, 02) 0xf1, -0.1171875
(08, 03, 01, 03) 0xe5, -0.2109375
(08, 03, 01, 04) 0x07, 0.0546875
(08, 03, 02, 00) 0x08, 0.0625
(08, 03, 02, 01) 0x06, 0.046875
(08, 03, 02, 02) 0xfa, -0.046875
(08, 03, 02, 03) 0xe8, -0.1875
(08, 03, 02, 04) 0xe5, -0.2109375
(08, 03, 03, 00) 0xfc, -0.03125
(08, 03, 03, 01) 0x18, 0.1875
(08, 03, 03, 02) 0x14, 0.15625
(08, 03, 03, 03) 0x04, 0.03125
(08, 03, 03, 04) 0xf0, -0.125
(08, 03, 04, 00) 0xe9, -0.1796875
(08, 03, 04, 01) 0x04, 0.03125
(08, 03, 04, 02) 0x01, 0.0078125
(08, 03, 04, 03) 0x0a, 0.078125
(08, 03, 04, 04) 0x07, 0.0546875
(08, 04, 00, 00) 0xfd, -0.0234375
(08, 04, 00, 01) 0xec, -0.15625
(08, 04, 00, 02) 0xea, -0.171875
(08, 04, 00, 03) 0xeb, -0.1640625
(08, 04, 00, 04) 0xff, -0.0078125
(08, 04, 01, 00) 0xfc, -0.03125
(08, 04, 01, 01) 0x0b, 0.0859375
(08, 04, 01, 02) 0x0b, 0.0859375
(08, 04, 01, 03) 0xfd, -0.0234375
(08, 04, 01, 04) 0xf9, -0.0546875
(08, 04, 02, 00) 0x07, 0.0546875
(08, 04, 02, 01) 0x04, 0.03125
(08, 04, 02, 02) 0x0c, 0.09375
(08, 04, 02, 03) 0x06, 0.046875
(08, 04, 02, 04) 0x02, 0.015625
(08, 04, 03, 00) 0x03, 0.0234375
(08, 04, 03, 01) 0xfd, -0.0234375
(08, 04, 03, 02) 0xfa, -0.046875
(08, 04, 03, 03) 0x0d, 0.1015625
(08, 04, 03, 04) 0xfd, -0.0234375
(08, 04, 04, 00) 0xfa, -0.046875
(08, 04, 04, 01) 0xeb, -0.1640625
(08, 04, 04, 02) 0xeb, -0.1640625
(08, 04, 04, 03) 0xf6, -0.078125
(08, 04, 04, 04) 0xfa, -0.046875
(08, 05, 00, 00) 0x07, 0.0546875
(08, 05, 00, 01) 0x01, 0.0078125
(08, 05, 00, 02) 0xfa, -0.046875
(08, 05, 00, 03) 0x05, 0.0390625
(08, 05, 00, 04) 0xfd, -0.0234375
(08, 05, 01, 00) 0x0a, 0.078125
(08, 05, 01, 01) 0x04, 0.03125
(08, 05, 01, 02) 0x13, 0.1484375
(08, 05, 01, 03) 0x13, 0.1484375
(08, 05, 01, 04) 0xfa, -0.046875
(08, 05, 02, 00) 0x11, 0.1328125
(08, 05, 02, 01) 0x08, 0.0625
(08, 05, 02, 02) 0x0b, 0.0859375
(08, 05, 02, 03) 0x07, 0.0546875
(08, 05, 02, 04) 0x05, 0.0390625
(08, 05, 03, 00) 0x02, 0.015625
(08, 05, 03, 01) 0xe1, -0.2421875
(08, 05, 03, 02) 0xf1, -0.1171875
(08, 05, 03, 03) 0xf9, -0.0546875
(08, 05, 03, 04) 0xfd, -0.0234375
(08, 05, 04, 00) 0xe2, -0.234375
(08, 05, 04, 01) 0xe7, -0.1953125
(08, 05, 04, 02) 0xf5, -0.0859375
(08, 05, 04, 03) 0xff, -0.0078125
(08, 05, 04, 04) 0xfb, -0.0390625
(09, 00, 00, 00) 0xf4, -0.09375
(09, 00, 00, 01) 0x08, 0.0625
(09, 00, 00, 02) 0x04, 0.03125
(09, 00, 00, 03) 0x03, 0.0234375
(09, 00, 00, 04) 0x08, 0.0625
(09, 00, 01, 00) 0x0a, 0.078125
(09, 00, 01, 01) 0xef, -0.1328125
(09, 00, 01, 02) 0x11, 0.1328125
(09, 00, 01, 03) 0x1f, 0.2421875
(09, 00, 01, 04) 0x10, 0.125
(09, 00, 02, 00) 0x0d, 0.1015625
(09, 00, 02, 01) 0x03, 0.0234375
(09, 00, 02, 02) 0xec, -0.15625
(09, 00, 02, 03) 0xfa, -0.046875
(09, 00, 02, 04) 0xf4, -0.09375
(09, 00, 03, 00) 0x09, 0.0703125
(09, 00, 03, 01) 0x02, 0.015625
(09, 00, 03, 02) 0x07, 0.0546875
(09, 00, 03, 03) 0x08, 0.0625
(09, 00, 03, 04) 0x17, 0.1796875
(09, 00, 04, 00) 0x11, 0.1328125
(09, 00, 04, 01) 0x10, 0.125
(09, 00, 04, 02) 0x10, 0.125
(09, 00, 04, 03) 0x0a, 0.078125
(09, 00, 04, 04) 0x18, 0.1875
(09, 01, 00, 00) 0xf9, -0.0546875
(09, 01, 00, 01) 0xf9, -0.0546875
(09, 01, 00, 02) 0x04, 0.03125
(09, 01, 00, 03) 0x0c, 0.09375
(09, 01, 00, 04) 0x02, 0.015625
(09, 01, 01, 00) 0xfb, -0.0390625
(09, 01, 01, 01) 0xef, -0.1328125
(09, 01, 01, 02) 0x08, 0.0625
(09, 01, 01, 03) 0x0b, 0.0859375
(09, 01, 01, 04) 0x03, 0.0234375
(09, 01, 02, 00) 0xf5, -0.0859375
(09, 01, 02, 01) 0xe8, -0.1875
(09, 01, 02, 02) 0xf5, -0.0859375
(09, 01, 02, 03) 0xea, -0.171875
(09, 01, 02, 04) 0xf5, -0.0859375
(09, 01, 03, 00) 0xed, -0.1484375
(09, 01, 03, 01) 0xf1, -0.1171875
(09, 01, 03, 02) 0x07, 0.0546875
(09, 01, 03, 03) 0x03, 0.0234375
(09, 01, 03, 04) 0xf4, -0.09375
(09, 01, 04, 00) 0x10, 0.125
(09, 01, 04, 01) 0x05, 0.0390625
(09, 01, 04, 02) 0x03, 0.0234375
(09, 01, 04, 03) 0x03, 0.0234375
(09, 01, 04, 04) 0x02, 0.015625
(09, 02, 00, 00) 0x0d, 0.1015625
(09, 02, 00, 01) 0x06, 0.046875
(09, 02, 00, 02) 0xfc, -0.03125
(09, 02, 00, 03) 0xfa, -0.046875
(09, 02, 00, 04) 0x12, 0.140625
(09, 02, 01, 00) 0x05, 0.0390625
(09, 02, 01, 01) 0xff, -0.0078125
(09, 02, 01, 02) 0xfd, -0.0234375
(09, 02, 01, 03) 0xfa, -0.046875
(09, 02, 01, 04) 0x0f, 0.1171875
(09, 02, 02, 00) 0xe6, -0.203125
(09, 02, 02, 01) 0xe9, -0.1796875
(09, 02, 02, 02) 0xf7, -0.0703125
(09, 02, 02, 03) 0xd2, -0.359375
(09, 02, 02, 04) 0xc6, -0.453125
(09, 02, 03, 00) 0xf4, -0.09375
(09, 02, 03, 01) 0xf5, -0.0859375
(09, 02, 03, 02) 0xe3, -0.2265625
(09, 02, 03, 03) 0x03, 0.0234375
(09, 02, 03, 04) 0x0d, 0.1015625
(09, 02, 04, 00) 0x06, 0.046875
(09, 02, 04, 01) 0xfd, -0.0234375
(09, 02, 04, 02) 0x10, 0.125
(09, 02, 04, 03) 0x18, 0.1875
(09, 02, 04, 04) 0x14, 0.15625
(09, 03, 00, 00) 0xfd, -0.0234375
(09, 03, 00, 01) 0xf5, -0.0859375
(09, 03, 00, 02) 0xf6, -0.078125
(09, 03, 00, 03) 0x01, 0.0078125
(09, 03, 00, 04) 0x19, 0.1953125
(09, 03, 01, 00) 0xfd, -0.0234375
(09, 03, 01, 01) 0xf5, -0.0859375
(09, 03, 01, 02) 0x0f, 0.1171875
(09, 03, 01, 03) 0x0c, 0.09375
(09, 03, 01, 04) 0x0a, 0.078125
(09, 03, 02, 00) 0xf5, -0.0859375
(09, 03, 02, 01) 0xf8, -0.0625
(09, 03, 02, 02) 0xf6, -0.078125
(09, 03, 02, 03) 0xeb, -0.1640625
(09, 03, 02, 04) 0xee, -0.140625
(09, 03, 03, 00) 0xff, -0.0078125
(09, 03, 03, 01) 0xf4, -0.09375
(09, 03, 03, 02) 0xf2, -0.109375
(09, 03, 03, 03) 0xeb, -0.1640625
(09, 03, 03, 04) 0xf7, -0.0703125
(09, 03, 04, 00) 0xfe, -0.015625
(09, 03, 04, 01) 0xf9, -0.0546875
(09, 03, 04, 02) 0x08, 0.0625
(09, 03, 04, 03) 0x02, 0.015625
(09, 03, 04, 04) 0xee, -0.140625
(09, 04, 00, 00) 0x09, 0.0703125
(09, 04, 00, 01) 0x08, 0.0625
(09, 04, 00, 02) 0x05, 0.0390625
(09, 04, 00, 03) 0x07, 0.0546875
(09, 04, 00, 04) 0x0d, 0.1015625
(09, 04, 01, 00) 0xf1, -0.1171875
(09, 04, 01, 01) 0xf7, -0.0703125
(09, 04, 01, 02) 0xf6, -0.078125
(09, 04, 01, 03) 0x06, 0.046875
(09, 04, 01, 04) 0x01, 0.0078125
(09, 04, 02, 00) 0xf2, -0.109375
(09, 04, 02, 01) 0xfa, -0.046875
(09, 04, 02, 02) 0xf2, -0.109375
(09, 04, 02, 03) 0xda, -0.296875
(09, 04, 02, 04) 0xe6, -0.203125
(09, 04, 03, 00) 0xf8, -0.0625
(09, 04, 03, 01) 0xfe, -0.015625
(09, 04, 03, 02) 0xff, -0.0078125
(09, 04, 03, 03) 0xed, -0.1484375
(09, 04, 03, 04) 0xf7, -0.0703125
(09, 04, 04, 00) 0x15, 0.1640625
(09, 04, 04, 01) 0x09, 0.0703125
(09, 04, 04, 02) 0x0b, 0.0859375
(09, 04, 04, 03) 0x0c, 0.09375
(09, 04, 04, 04) 0x0d, 0.1015625
(09, 05, 00, 00) 0xf9, -0.0546875
(09, 05, 00, 01) 0x08, 0.0625
(09, 05, 00, 02) 0x08, 0.0625
(09, 05, 00, 03) 0xf2, -0.109375
(09, 05, 00, 04) 0x09, 0.0703125
(09, 05, 01, 00) 0x03, 0.0234375
(09, 05, 01, 01) 0xfd, -0.0234375
(09, 05, 01, 02) 0xe3, -0.2265625
(09, 05, 01, 03) 0x01, 0.0078125
(09, 05, 01, 04) 0xfd, -0.0234375
(09, 05, 02, 00) 0x02, 0.015625
(09, 05, 02, 01) 0xf8, -0.0625
(09, 05, 02, 02) 0xfd, -0.0234375
(09, 05, 02, 03) 0xf0, -0.125
(09, 05, 02, 04) 0xea, -0.171875
(09, 05, 03, 00) 0xfd, -0.0234375
(09, 05, 03, 01) 0x0c, 0.09375
(09, 05, 03, 02) 0x08, 0.0625
(09, 05, 03, 03) 0xff, -0.0078125
(09, 05, 03, 04) 0xf3, -0.1015625
(09, 05, 04, 00) 0x0d, 0.1015625
(09, 05, 04, 01) 0x0c, 0.09375
(09, 05, 04, 02) 0x05, 0.0390625
(09, 05, 04, 03) 0x1a, 0.203125
(09, 05, 04, 04) 0x12, 0.140625
(10, 00, 00, 00) 0x0f, 0.1171875
(10, 00, 00, 01) 0xfa, -0.046875
(10, 00, 00, 02) 0xe4, -0.21875
(10, 00, 00, 03) 0xd6, -0.328125
(10, 00, 00, 04) 0xde, -0.265625
(10, 00, 01, 00) 0x03, 0.0234375
(10, 00, 01, 01) 0xe3, -0.2265625
(10, 00, 01, 02) 0xc5, -0.4609375
(10, 00, 01, 03) 0xde, -0.265625
(10, 00, 01, 04) 0x00, 0.0
(10, 00, 02, 00) 0xff, -0.0078125
(10, 00, 02, 01) 0xf7, -0.0703125
(10, 00, 02, 02) 0xfb, -0.0390625
(10, 00, 02, 03) 0x0d, 0.1015625
(10, 00, 02, 04) 0xfe, -0.015625
(10, 00, 03, 00) 0x01, 0.0078125
(10, 00, 03, 01) 0xff, -0.0078125
(10, 00, 03, 02) 0x04, 0.03125
(10, 00, 03, 03) 0x05, 0.0390625
(10, 00, 03, 04) 0x06, 0.046875
(10, 00, 04, 00) 0xff, -0.0078125
(10, 00, 04, 01) 0x02, 0.015625
(10, 00, 04, 02) 0xf7, -0.0703125
(10, 00, 04, 03) 0xfc, -0.03125
(10, 00, 04, 04) 0xfd, -0.0234375
(10, 01, 00, 00) 0x1b, 0.2109375
(10, 01, 00, 01) 0x08, 0.0625
(10, 01, 00, 02) 0xf2, -0.109375
(10, 01, 00, 03) 0xf9, -0.0546875
(10, 01, 00, 04) 0x09, 0.0703125
(10, 01, 01, 00) 0x0d, 0.1015625
(10, 01, 01, 01) 0xd7, -0.3203125
(10, 01, 01, 02) 0xfe, -0.015625
(10, 01, 01, 03) 0xfd, -0.0234375
(10, 01, 01, 04) 0xfd, -0.0234375
(10, 01, 02, 00) 0xfd, -0.0234375
(10, 01, 02, 01) 0xec, -0.15625
(10, 01, 02, 02) 0xee, -0.140625
(10, 01, 02, 03) 0xfd, -0.0234375
(10, 01, 02, 04) 0xff, -0.0078125
(10, 01, 03, 00) 0xe7, -0.1953125
(10, 01, 03, 01) 0xf3, -0.1015625
(10, 01, 03, 02) 0xeb, -0.1640625
(10, 01, 03, 03) 0xfd, -0.0234375
(10, 01, 03, 04) 0xfe, -0.015625
(10, 01, 04, 00) 0xfc, -0.03125
(10, 01, 04, 01) 0x13, 0.1484375
(10, 01, 04, 02) 0x07, 0.0546875
(10, 01, 04, 03) 0xf7, -0.0703125
(10, 01, 04, 04) 0x06, 0.046875
(10, 02, 00, 00) 0x1d, 0.2265625
(10, 02, 00, 01) 0xd9, -0.3046875
(10, 02, 00, 02) 0x0d, 0.1015625
(10, 02, 00, 03) 0x0d, 0.1015625
(10, 02, 00, 04) 0x02, 0.015625
(10, 02, 01, 00) 0xfe, -0.015625
(10, 02, 01, 01) 0xfc, -0.03125
(10, 02, 01, 02) 0xfa, -0.046875
(10, 02, 01, 03) 0xf3, -0.1015625
(10, 02, 01, 04) 0xf4, -0.09375
(10, 02, 02, 00) 0xfc, -0.03125
(10, 02, 02, 01) 0xfa, -0.046875
(10, 02, 02, 02) 0x00, 0.0
(10, 02, 02, 03) 0x02, 0.015625
(10, 02, 02, 04) 0x14, 0.15625
(10, 02, 03, 00) 0x07, 0.0546875
(10, 02, 03, 01) 0x1a, 0.203125
(10, 02, 03, 02) 0x06, 0.046875
(10, 02, 03, 03) 0x0b, 0.0859375
(10, 02, 03, 04) 0x10, 0.125
(10, 02, 04, 00) 0x00, 0.0
(10, 02, 04, 01) 0xf8, -0.0625
(10, 02, 04, 02) 0x01, 0.0078125
(10, 02, 04, 03) 0xf3, -0.1015625
(10, 02, 04, 04) 0xfd, -0.0234375
(10, 03, 00, 00) 0xfa, -0.046875
(10, 03, 00, 01) 0xed, -0.1484375
(10, 03, 00, 02) 0x08, 0.0625
(10, 03, 00, 03) 0xf8, -0.0625
(10, 03, 00, 04) 0xd9, -0.3046875
(10, 03, 01, 00) 0xe3, -0.2265625
(10, 03, 01, 01) 0xf1, -0.1171875
(10, 03, 01, 02) 0x0c, 0.09375
(10, 03, 01, 03) 0xd8, -0.3125
(10, 03, 01, 04) 0xd9, -0.3046875
(10, 03, 02, 00) 0xdc, -0.28125
(10, 03, 02, 01) 0xf3, -0.1015625
(10, 03, 02, 02) 0xf8, -0.0625
(10, 03, 02, 03) 0xd5, -0.3359375
(10, 03, 02, 04) 0xe5, -0.2109375
(10, 03, 03, 00) 0x05, 0.0390625
(10, 03, 03, 01) 0x0e, 0.109375
(10, 03, 03, 02) 0xe9, -0.1796875
(10, 03, 03, 03) 0xec, -0.15625
(10, 03, 03, 04) 0xde, -0.265625
(10, 03, 04, 00) 0x01, 0.0078125
(10, 03, 04, 01) 0x06, 0.046875
(10, 03, 04, 02) 0xfe, -0.015625
(10, 03, 04, 03) 0xf8, -0.0625
(10, 03, 04, 04) 0xf3, -0.1015625
(10, 04, 00, 00) 0x0e, 0.109375
(10, 04, 00, 01) 0xf7, -0.0703125
(10, 04, 00, 02) 0xfd, -0.0234375
(10, 04, 00, 03) 0x0a, 0.078125
(10, 04, 00, 04) 0x05, 0.0390625
(10, 04, 01, 00) 0x00, 0.0
(10, 04, 01, 01) 0xe3, -0.2265625
(10, 04, 01, 02) 0x04, 0.03125
(10, 04, 01, 03) 0xf6, -0.078125
(10, 04, 01, 04) 0xf1, -0.1171875
(10, 04, 02, 00) 0xe7, -0.1953125
(10, 04, 02, 01) 0xf7, -0.0703125
(10, 04, 02, 02) 0xfc, -0.03125
(10, 04, 02, 03) 0x04, 0.03125
(10, 04, 02, 04) 0x0e, 0.109375
(10, 04, 03, 00) 0x04, 0.03125
(10, 04, 03, 01) 0x08, 0.0625
(10, 04, 03, 02) 0x12, 0.140625
(10, 04, 03, 03) 0x01, 0.0078125
(10, 04, 03, 04) 0x02, 0.015625
(10, 04, 04, 00) 0x14, 0.15625
(10, 04, 04, 01) 0x04, 0.03125
(10, 04, 04, 02) 0x0d, 0.1015625
(10, 04, 04, 03) 0x04, 0.03125
(10, 04, 04, 04) 0x04, 0.03125
(10, 05, 00, 00) 0xea, -0.171875
(10, 05, 00, 01) 0xd4, -0.34375
(10, 05, 00, 02) 0x13, 0.1484375
(10, 05, 00, 03) 0x17, 0.1796875
(10, 05, 00, 04) 0xf3, -0.1015625
(10, 05, 01, 00) 0xe3, -0.2265625
(10, 05, 01, 01) 0xf9, -0.0546875
(10, 05, 01, 02) 0x18, 0.1875
(10, 05, 01, 03) 0xfd, -0.0234375
(10, 05, 01, 04) 0xf1, -0.1171875
(10, 05, 02, 00) 0x05, 0.0390625
(10, 05, 02, 01) 0x00, 0.0
(10, 05, 02, 02) 0x1b, 0.2109375
(10, 05, 02, 03) 0x00, 0.0
(10, 05, 02, 04) 0x08, 0.0625
(10, 05, 03, 00) 0xf9, -0.0546875
(10, 05, 03, 01) 0x13, 0.1484375
(10, 05, 03, 02) 0x16, 0.171875
(10, 05, 03, 03) 0x0b, 0.0859375
(10, 05, 03, 04) 0x13, 0.1484375
(10, 05, 04, 00) 0x16, 0.171875
(10, 05, 04, 01) 0x08, 0.0625
(10, 05, 04, 02) 0x06, 0.046875
(10, 05, 04, 03) 0xf9, -0.0546875
(10, 05, 04, 04) 0x01, 0.0078125
(11, 00, 00, 00) 0xe2, -0.234375
(11, 00, 00, 01) 0xf9, -0.0546875
(11, 00, 00, 02) 0xfa, -0.046875
(11, 00, 00, 03) 0xf8, -0.0625
(11, 00, 00, 04) 0xf8, -0.0625
(11, 00, 01, 00) 0x0d, 0.1015625
(11, 00, 01, 01) 0x14, 0.15625
(11, 00, 01, 02) 0x09, 0.0703125
(11, 00, 01, 03) 0x14, 0.15625
(11, 00, 01, 04) 0x02, 0.015625
(11, 00, 02, 00) 0x1a, 0.203125
(11, 00, 02, 01) 0x21, 0.2578125
(11, 00, 02, 02) 0x19, 0.1953125
(11, 00, 02, 03) 0x0d, 0.1015625
(11, 00, 02, 04) 0xf7, -0.0703125
(11, 00, 03, 00) 0xf1, -0.1171875
(11, 00, 03, 01) 0xf0, -0.125
(11, 00, 03, 02) 0x0a, 0.078125
(11, 00, 03, 03) 0x00, 0.0
(11, 00, 03, 04) 0xec, -0.15625
(11, 00, 04, 00) 0x09, 0.0703125
(11, 00, 04, 01) 0x09, 0.0703125
(11, 00, 04, 02) 0x01, 0.0078125
(11, 00, 04, 03) 0xed, -0.1484375
(11, 00, 04, 04) 0xf3, -0.1015625
(11, 01, 00, 00) 0xfb, -0.0390625
(11, 01, 00, 01) 0xfb, -0.0390625
(11, 01, 00, 02) 0x10, 0.125
(11, 01, 00, 03) 0x03, 0.0234375
(11, 01, 00, 04) 0x08, 0.0625
(11, 01, 01, 00) 0x08, 0.0625
(11, 01, 01, 01) 0x0b, 0.0859375
(11, 01, 01, 02) 0xff, -0.0078125
(11, 01, 01, 03) 0x07, 0.0546875
(11, 01, 01, 04) 0x08, 0.0625
(11, 01, 02, 00) 0xfe, -0.015625
(11, 01, 02, 01) 0x00, 0.0
(11, 01, 02, 02) 0x00, 0.0
(11, 01, 02, 03) 0xfd, -0.0234375
(11, 01, 02, 04) 0x01, 0.0078125
(11, 01, 03, 00) 0xe6, -0.203125
(11, 01, 03, 01) 0xe8, -0.1875
(11, 01, 03, 02) 0xf1, -0.1171875
(11, 01, 03, 03) 0xf9, -0.0546875
(11, 01, 03, 04) 0xf6, -0.078125
(11, 01, 04, 00) 0x08, 0.0625
(11, 01, 04, 01) 0x08, 0.0625
(11, 01, 04, 02) 0x09, 0.0703125
(11, 01, 04, 03) 0xf0, -0.125
(11, 01, 04, 04) 0xfc, -0.03125
(11, 02, 00, 00) 0xfd, -0.0234375
(11, 02, 00, 01) 0x04, 0.03125
(11, 02, 00, 02) 0x12, 0.140625
(11, 02, 00, 03) 0x0f, 0.1171875
(11, 02, 00, 04) 0xff, -0.0078125
(11, 02, 01, 00) 0x0e, 0.109375
(11, 02, 01, 01) 0xf7, -0.0703125
(11, 02, 01, 02) 0x04, 0.03125
(11, 02, 01, 03) 0x0f, 0.1171875
(11, 02, 01, 04) 0xfa, -0.046875
(11, 02, 02, 00) 0xfb, -0.0390625
(11, 02, 02, 01) 0xf3, -0.1015625
(11, 02, 02, 02) 0x01, 0.0078125
(11, 02, 02, 03) 0xf4, -0.09375
(11, 02, 02, 04) 0xfd, -0.0234375
(11, 02, 03, 00) 0xdd, -0.2734375
(11, 02, 03, 01) 0xef, -0.1328125
(11, 02, 03, 02) 0x05, 0.0390625
(11, 02, 03, 03) 0xfa, -0.046875
(11, 02, 03, 04) 0x0d, 0.1015625
(11, 02, 04, 00) 0x0d, 0.1015625
(11, 02, 04, 01) 0x03, 0.0234375
(11, 02, 04, 02) 0x04, 0.03125
(11, 02, 04, 03) 0xf2, -0.109375
(11, 02, 04, 04) 0x04, 0.03125
(11, 03, 00, 00) 0x05, 0.0390625
(11, 03, 00, 01) 0xf5, -0.0859375
(11, 03, 00, 02) 0xdf, -0.2578125
(11, 03, 00, 03) 0xe8, -0.1875
(11, 03, 00, 04) 0xde, -0.265625
(11, 03, 01, 00) 0xe4, -0.21875
(11, 03, 01, 01) 0xf0, -0.125
(11, 03, 01, 02) 0xdc, -0.28125
(11, 03, 01, 03) 0xdf, -0.2578125
(11, 03, 01, 04) 0xe9, -0.1796875
(11, 03, 02, 00) 0x00, 0.0
(11, 03, 02, 01) 0x0e, 0.109375
(11, 03, 02, 02) 0x14, 0.15625
(11, 03, 02, 03) 0xff, -0.0078125
(11, 03, 02, 04) 0x01, 0.0078125
(11, 03, 03, 00) 0x04, 0.03125
(11, 03, 03, 01) 0x0a, 0.078125
(11, 03, 03, 02) 0xfe, -0.015625
(11, 03, 03, 03) 0x05, 0.0390625
(11, 03, 03, 04) 0xff, -0.0078125
(11, 03, 04, 00) 0xff, -0.0078125
(11, 03, 04, 01) 0x05, 0.0390625
(11, 03, 04, 02) 0x01, 0.0078125
(11, 03, 04, 03) 0xf8, -0.0625
(11, 03, 04, 04) 0xfd, -0.0234375
(11, 04, 00, 00) 0x01, 0.0078125
(11, 04, 00, 01) 0x10, 0.125
(11, 04, 00, 02) 0x03, 0.0234375
(11, 04, 00, 03) 0x10, 0.125
(11, 04, 00, 04) 0xf5, -0.0859375
(11, 04, 01, 00) 0x14, 0.15625
(11, 04, 01, 01) 0x1a, 0.203125
(11, 04, 01, 02) 0x19, 0.1953125
(11, 04, 01, 03) 0x06, 0.046875
(11, 04, 01, 04) 0x09, 0.0703125
(11, 04, 02, 00) 0xfd, -0.0234375
(11, 04, 02, 01) 0xfc, -0.03125
(11, 04, 02, 02) 0x12, 0.140625
(11, 04, 02, 03) 0x04, 0.03125
(11, 04, 02, 04) 0xf9, -0.0546875
(11, 04, 03, 00) 0xe5, -0.2109375
(11, 04, 03, 01) 0xff, -0.0078125
(11, 04, 03, 02) 0xfb, -0.0390625
(11, 04, 03, 03) 0xf4, -0.09375
(11, 04, 03, 04) 0xfb, -0.0390625
(11, 04, 04, 00) 0xfd, -0.0234375
(11, 04, 04, 01) 0x04, 0.03125
(11, 04, 04, 02) 0xf4, -0.09375
(11, 04, 04, 03) 0xee, -0.140625
(11, 04, 04, 04) 0xf4, -0.09375
(11, 05, 00, 00) 0x03, 0.0234375
(11, 05, 00, 01) 0x15, 0.1640625
(11, 05, 00, 02) 0x1a, 0.203125
(11, 05, 00, 03) 0x0d, 0.1015625
(11, 05, 00, 04) 0x08, 0.0625
(11, 05, 01, 00) 0x1c, 0.21875
(11, 05, 01, 01) 0x0e, 0.109375
(11, 05, 01, 02) 0x08, 0.0625
(11, 05, 01, 03) 0xfb, -0.0390625
(11, 05, 01, 04) 0xf3, -0.1015625
(11, 05, 02, 00) 0xf1, -0.1171875
(11, 05, 02, 01) 0xee, -0.140625
(11, 05, 02, 02) 0xfc, -0.03125
(11, 05, 02, 03) 0xf8, -0.0625
(11, 05, 02, 04) 0x04, 0.03125
(11, 05, 03, 00) 0xea, -0.171875
(11, 05, 03, 01) 0xda, -0.296875
(11, 05, 03, 02) 0xf3, -0.1015625
(11, 05, 03, 03) 0xf8, -0.0625
(11, 05, 03, 04) 0xf7, -0.0703125
(11, 05, 04, 00) 0xfc, -0.03125
(11, 05, 04, 01) 0xed, -0.1484375
(11, 05, 04, 02) 0xf7, -0.0703125
(11, 05, 04, 03) 0xed, -0.1484375
(11, 05, 04, 04) 0xf6, -0.078125
(12, 00, 00, 00) 0xe7, -0.1953125
(12, 00, 00, 01) 0xf2, -0.109375
(12, 00, 00, 02) 0x09, 0.0703125
(12, 00, 00, 03) 0x0d, 0.1015625
(12, 00, 00, 04) 0xf9, -0.0546875
(12, 00, 01, 00) 0xe5, -0.2109375
(12, 00, 01, 01) 0xc6, -0.453125
(12, 00, 01, 02) 0xe4, -0.21875
(12, 00, 01, 03) 0x05, 0.0390625
(12, 00, 01, 04) 0x14, 0.15625
(12, 00, 02, 00) 0xf7, -0.0703125
(12, 00, 02, 01) 0x01, 0.0078125
(12, 00, 02, 02) 0x04, 0.03125
(12, 00, 02, 03) 0x01, 0.0078125
(12, 00, 02, 04) 0x0c, 0.09375
(12, 00, 03, 00) 0xfa, -0.046875
(12, 00, 03, 01) 0x01, 0.0078125
(12, 00, 03, 02) 0x0c, 0.09375
(12, 00, 03, 03) 0xfd, -0.0234375
(12, 00, 03, 04) 0x05, 0.0390625
(12, 00, 04, 00) 0xf5, -0.0859375
(12, 00, 04, 01) 0x01, 0.0078125
(12, 00, 04, 02) 0x01, 0.0078125
(12, 00, 04, 03) 0xfc, -0.03125
(12, 00, 04, 04) 0xfc, -0.03125
(12, 01, 00, 00) 0xe5, -0.2109375
(12, 01, 00, 01) 0xff, -0.0078125
(12, 01, 00, 02) 0xf6, -0.078125
(12, 01, 00, 03) 0xfc, -0.03125
(12, 01, 00, 04) 0x07, 0.0546875
(12, 01, 01, 00) 0x03, 0.0234375
(12, 01, 01, 01) 0x13, 0.1484375
(12, 01, 01, 02) 0xff, -0.0078125
(12, 01, 01, 03) 0x07, 0.0546875
(12, 01, 01, 04) 0x03, 0.0234375
(12, 01, 02, 00) 0x09, 0.0703125
(12, 01, 02, 01) 0x10, 0.125
(12, 01, 02, 02) 0xf4, -0.09375
(12, 01, 02, 03) 0xf3, -0.1015625
(12, 01, 02, 04) 0x0b, 0.0859375
(12, 01, 03, 00) 0xfa, -0.046875
(12, 01, 03, 01) 0x0e, 0.109375
(12, 01, 03, 02) 0xf9, -0.0546875
(12, 01, 03, 03) 0xfd, -0.0234375
(12, 01, 03, 04) 0xfd, -0.0234375
(12, 01, 04, 00) 0xfa, -0.046875
(12, 01, 04, 01) 0x0d, 0.1015625
(12, 01, 04, 02) 0x0d, 0.1015625
(12, 01, 04, 03) 0xfc, -0.03125
(12, 01, 04, 04) 0x08, 0.0625
(12, 02, 00, 00) 0xf6, -0.078125
(12, 02, 00, 01) 0x09, 0.0703125
(12, 02, 00, 02) 0xfe, -0.015625
(12, 02, 00, 03) 0x06, 0.046875
(12, 02, 00, 04) 0x20, 0.25
(12, 02, 01, 00) 0xf3, -0.1015625
(12, 02, 01, 01) 0x00, 0.0
(12, 02, 01, 02) 0xed, -0.1484375
(12, 02, 01, 03) 0xf6, -0.078125
(12, 02, 01, 04) 0xf9, -0.0546875
(12, 02, 02, 00) 0xef, -0.1328125
(12, 02, 02, 01) 0xec, -0.15625
(12, 02, 02, 02) 0xf6, -0.078125
(12, 02, 02, 03) 0xf7, -0.0703125
(12, 02, 02, 04) 0x00, 0.0
(12, 02, 03, 00) 0xf6, -0.078125
(12, 02, 03, 01) 0xf2, -0.109375
(12, 02, 03, 02) 0x08, 0.0625
(12, 02, 03, 03) 0xf5, -0.0859375
(12, 02, 03, 04) 0xee, -0.140625
(12, 02, 04, 00) 0xfa, -0.046875
(12, 02, 04, 01) 0xf6, -0.078125
(12, 02, 04, 02) 0xf8, -0.0625
(12, 02, 04, 03) 0xef, -0.1328125
(12, 02, 04, 04) 0xf5, -0.0859375
(12, 03, 00, 00) 0x10, 0.125
(12, 03, 00, 01) 0xfc, -0.03125
(12, 03, 00, 02) 0xde, -0.265625
(12, 03, 00, 03) 0x03, 0.0234375
(12, 03, 00, 04) 0x03, 0.0234375
(12, 03, 01, 00) 0x0c, 0.09375
(12, 03, 01, 01) 0x07, 0.0546875
(12, 03, 01, 02) 0xef, -0.1328125
(12, 03, 01, 03) 0xf5, -0.0859375
(12, 03, 01, 04) 0xf1, -0.1171875
(12, 03, 02, 00) 0x07, 0.0546875
(12, 03, 02, 01) 0xe7, -0.1953125
(12, 03, 02, 02) 0xed, -0.1484375
(12, 03, 02, 03) 0xf9, -0.0546875
(12, 03, 02, 04) 0xfb, -0.0390625
(12, 03, 03, 00) 0x09, 0.0703125
(12, 03, 03, 01) 0xf8, -0.0625
(12, 03, 03, 02) 0xe5, -0.2109375
(12, 03, 03, 03) 0x03, 0.0234375
(12, 03, 03, 04) 0x11, 0.1328125
(12, 03, 04, 00) 0x1a, 0.203125
(12, 03, 04, 01) 0x13, 0.1484375
(12, 03, 04, 02) 0xf8, -0.0625
(12, 03, 04, 03) 0x0b, 0.0859375
(12, 03, 04, 04) 0x06, 0.046875
(12, 04, 00, 00) 0x01, 0.0078125
(12, 04, 00, 01) 0x0f, 0.1171875
(12, 04, 00, 02) 0x04, 0.03125
(12, 04, 00, 03) 0x06, 0.046875
(12, 04, 00, 04) 0xf4, -0.09375
(12, 04, 01, 00) 0x05, 0.0390625
(12, 04, 01, 01) 0x05, 0.0390625
(12, 04, 01, 02) 0xfd, -0.0234375
(12, 04, 01, 03) 0xf2, -0.109375
(12, 04, 01, 04) 0xf6, -0.078125
(12, 04, 02, 00) 0x11, 0.1328125
(12, 04, 02, 01) 0x0f, 0.1171875
(12, 04, 02, 02) 0xed, -0.1484375
(12, 04, 02, 03) 0xf3, -0.1015625
(12, 04, 02, 04) 0x09, 0.0703125
(12, 04, 03, 00) 0x07, 0.0546875
(12, 04, 03, 01) 0x06, 0.046875
(12, 04, 03, 02) 0x0e, 0.109375
(12, 04, 03, 03) 0xee, -0.140625
(12, 04, 03, 04) 0x08, 0.0625
(12, 04, 04, 00) 0x02, 0.015625
(12, 04, 04, 01) 0x0e, 0.109375
(12, 04, 04, 02) 0x04, 0.03125
(12, 04, 04, 03) 0xfc, -0.03125
(12, 04, 04, 04) 0xf6, -0.078125
(12, 05, 00, 00) 0x13, 0.1484375
(12, 05, 00, 01) 0x05, 0.0390625
(12, 05, 00, 02) 0x06, 0.046875
(12, 05, 00, 03) 0xfc, -0.03125
(12, 05, 00, 04) 0x12, 0.140625
(12, 05, 01, 00) 0x0f, 0.1171875
(12, 05, 01, 01) 0xf8, -0.0625
(12, 05, 01, 02) 0xfc, -0.03125
(12, 05, 01, 03) 0xf4, -0.09375
(12, 05, 01, 04) 0xfd, -0.0234375
(12, 05, 02, 00) 0x04, 0.03125
(12, 05, 02, 01) 0xf0, -0.125
(12, 05, 02, 02) 0xe0, -0.25
(12, 05, 02, 03) 0xfd, -0.0234375
(12, 05, 02, 04) 0x07, 0.0546875
(12, 05, 03, 00) 0x03, 0.0234375
(12, 05, 03, 01) 0xef, -0.1328125
(12, 05, 03, 02) 0xf3, -0.1015625
(12, 05, 03, 03) 0xfe, -0.015625
(12, 05, 03, 04) 0xfd, -0.0234375
(12, 05, 04, 00) 0x05, 0.0390625
(12, 05, 04, 01) 0xfe, -0.015625
(12, 05, 04, 02) 0x09, 0.0703125
(12, 05, 04, 03) 0xf1, -0.1171875
(12, 05, 04, 04) 0xfa, -0.046875
(13, 00, 00, 00) 0xea, -0.171875
(13, 00, 00, 01) 0xe0, -0.25
(13, 00, 00, 02) 0xeb, -0.1640625
(13, 00, 00, 03) 0xf4, -0.09375
(13, 00, 00, 04) 0x02, 0.015625
(13, 00, 01, 00) 0xde, -0.265625
(13, 00, 01, 01) 0xe4, -0.21875
(13, 00, 01, 02) 0xe5, -0.2109375
(13, 00, 01, 03) 0x06, 0.046875
(13, 00, 01, 04) 0xff, -0.0078125
(13, 00, 02, 00) 0xe8, -0.1875
(13, 00, 02, 01) 0xf4, -0.09375
(13, 00, 02, 02) 0x04, 0.03125
(13, 00, 02, 03) 0xf9, -0.0546875
(13, 00, 02, 04) 0x04, 0.03125
(13, 00, 03, 00) 0xf6, -0.078125
(13, 00, 03, 01) 0x07, 0.0546875
(13, 00, 03, 02) 0x11, 0.1328125
(13, 00, 03, 03) 0x01, 0.0078125
(13, 00, 03, 04) 0xf9, -0.0546875
(13, 00, 04, 00) 0x00, 0.0
(13, 00, 04, 01) 0xfe, -0.015625
(13, 00, 04, 02) 0x00, 0.0
(13, 00, 04, 03) 0xfd, -0.0234375
(13, 00, 04, 04) 0xf2, -0.109375
(13, 01, 00, 00) 0xdd, -0.2734375
(13, 01, 00, 01) 0xf4, -0.09375
(13, 01, 00, 02) 0x0c, 0.09375
(13, 01, 00, 03) 0x01, 0.0078125
(13, 01, 00, 04) 0x01, 0.0078125
(13, 01, 01, 00) 0xe1, -0.2421875
(13, 01, 01, 01) 0xf1, -0.1171875
(13, 01, 01, 02) 0x16, 0.171875
(13, 01, 01, 03) 0xfc, -0.03125
(13, 01, 01, 04) 0x09, 0.0703125
(13, 01, 02, 00) 0xf4, -0.09375
(13, 01, 02, 01) 0x09, 0.0703125
(13, 01, 02, 02) 0x03, 0.0234375
(13, 01, 02, 03) 0xf6, -0.078125
(13, 01, 02, 04) 0x0b, 0.0859375
(13, 01, 03, 00) 0xf3, -0.1015625
(13, 01, 03, 01) 0x0f, 0.1171875
(13, 01, 03, 02) 0x0c, 0.09375
(13, 01, 03, 03) 0x0a, 0.078125
(13, 01, 03, 04) 0x00, 0.0
(13, 01, 04, 00) 0xf5, -0.0859375
(13, 01, 04, 01) 0xfb, -0.0390625
(13, 01, 04, 02) 0x02, 0.015625
(13, 01, 04, 03) 0x0a, 0.078125
(13, 01, 04, 04) 0xf1, -0.1171875
(13, 02, 00, 00) 0xe6, -0.203125
(13, 02, 00, 01) 0x0a, 0.078125
(13, 02, 00, 02) 0x0e, 0.109375
(13, 02, 00, 03) 0xfb, -0.0390625
(13, 02, 00, 04) 0xfc, -0.03125
(13, 02, 01, 00) 0xfd, -0.0234375
(13, 02, 01, 01) 0x01, 0.0078125
(13, 02, 01, 02) 0x04, 0.03125
(13, 02, 01, 03) 0xfc, -0.03125
(13, 02, 01, 04) 0x12, 0.140625
(13, 02, 02, 00) 0xf0, -0.125
(13, 02, 02, 01) 0xfe, -0.015625
(13, 02, 02, 02) 0xf4, -0.09375
(13, 02, 02, 03) 0xf9, -0.0546875
(13, 02, 02, 04) 0x03, 0.0234375
(13, 02, 03, 00) 0xef, -0.1328125
(13, 02, 03, 01) 0xf5, -0.0859375
(13, 02, 03, 02) 0x00, 0.0
(13, 02, 03, 03) 0x03, 0.0234375
(13, 02, 03, 04) 0xf4, -0.09375
(13, 02, 04, 00) 0xf3, -0.1015625
(13, 02, 04, 01) 0x03, 0.0234375
(13, 02, 04, 02) 0x01, 0.0078125
(13, 02, 04, 03) 0x06, 0.046875
(13, 02, 04, 04) 0xf0, -0.125
(13, 03, 00, 00) 0x01, 0.0078125
(13, 03, 00, 01) 0x17, 0.1796875
(13, 03, 00, 02) 0x07, 0.0546875
(13, 03, 00, 03) 0xf4, -0.09375
(13, 03, 00, 04) 0x09, 0.0703125
(13, 03, 01, 00) 0x0a, 0.078125
(13, 03, 01, 01) 0x05, 0.0390625
(13, 03, 01, 02) 0xde, -0.265625
(13, 03, 01, 03) 0xfd, -0.0234375
(13, 03, 01, 04) 0x0e, 0.109375
(13, 03, 02, 00) 0x09, 0.0703125
(13, 03, 02, 01) 0xfe, -0.015625
(13, 03, 02, 02) 0xdf, -0.2578125
(13, 03, 02, 03) 0x06, 0.046875
(13, 03, 02, 04) 0xf7, -0.0703125
(13, 03, 03, 00) 0x11, 0.1328125
(13, 03, 03, 01) 0x09, 0.0703125
(13, 03, 03, 02) 0xfa, -0.046875
(13, 03, 03, 03) 0xfc, -0.03125
(13, 03, 03, 04) 0xf1, -0.1171875
(13, 03, 04, 00) 0xfc, -0.03125
(13, 03, 04, 01) 0x06, 0.046875
(13, 03, 04, 02) 0xf4, -0.09375
(13, 03, 04, 03) 0xfd, -0.0234375
(13, 03, 04, 04) 0xf0, -0.125
(13, 04, 00, 00) 0xea, -0.171875
(13, 04, 00, 01) 0x00, 0.0
(13, 04, 00, 02) 0x13, 0.1484375
(13, 04, 00, 03) 0x0b, 0.0859375
(13, 04, 00, 04) 0x03, 0.0234375
(13, 04, 01, 00) 0xfb, -0.0390625
(13, 04, 01, 01) 0x17, 0.1796875
(13, 04, 01, 02) 0x0f, 0.1171875
(13, 04, 01, 03) 0x01, 0.0078125
(13, 04, 01, 04) 0xf6, -0.078125
(13, 04, 02, 00) 0x01, 0.0078125
(13, 04, 02, 01) 0x10, 0.125
(13, 04, 02, 02) 0xff, -0.0078125
(13, 04, 02, 03) 0x07, 0.0546875
(13, 04, 02, 04) 0xf2, -0.109375
(13, 04, 03, 00) 0xf9, -0.0546875
(13, 04, 03, 01) 0x04, 0.03125
(13, 04, 03, 02) 0x04, 0.03125
(13, 04, 03, 03) 0x01, 0.0078125
(13, 04, 03, 04) 0xec, -0.15625
(13, 04, 04, 00) 0xf9, -0.0546875
(13, 04, 04, 01) 0x0a, 0.078125
(13, 04, 04, 02) 0x04, 0.03125
(13, 04, 04, 03) 0xf5, -0.0859375
(13, 04, 04, 04) 0xfb, -0.0390625
(13, 05, 00, 00) 0xf6, -0.078125
(13, 05, 00, 01) 0xf8, -0.0625
(13, 05, 00, 02) 0x12, 0.140625
(13, 05, 00, 03) 0x01, 0.0078125
(13, 05, 00, 04) 0x01, 0.0078125
(13, 05, 01, 00) 0x12, 0.140625
(13, 05, 01, 01) 0x08, 0.0625
(13, 05, 01, 02) 0xf1, -0.1171875
(13, 05, 01, 03) 0xeb, -0.1640625
(13, 05, 01, 04) 0x05, 0.0390625
(13, 05, 02, 00) 0x0c, 0.09375
(13, 05, 02, 01) 0x02, 0.015625
(13, 05, 02, 02) 0xe9, -0.1796875
(13, 05, 02, 03) 0xf3, -0.1015625
(13, 05, 02, 04) 0x02, 0.015625
(13, 05, 03, 00) 0x0c, 0.09375
(13, 05, 03, 01) 0xfc, -0.03125
(13, 05, 03, 02) 0xe6, -0.203125
(13, 05, 03, 03) 0x09, 0.0703125
(13, 05, 03, 04) 0x0d, 0.1015625
(13, 05, 04, 00) 0x0f, 0.1171875
(13, 05, 04, 01) 0x05, 0.0390625
(13, 05, 04, 02) 0xfa, -0.046875
(13, 05, 04, 03) 0x00, 0.0
(13, 05, 04, 04) 0x03, 0.0234375
(14, 00, 00, 00) 0x00, 0.0
(14, 00, 00, 01) 0xe3, -0.2265625
(14, 00, 00, 02) 0xf7, -0.0703125
(14, 00, 00, 03) 0x00, 0.0
(14, 00, 00, 04) 0x01, 0.0078125
(14, 00, 01, 00) 0x0d, 0.1015625
(14, 00, 01, 01) 0xfe, -0.015625
(14, 00, 01, 02) 0xe1, -0.2421875
(14, 00, 01, 03) 0xe4, -0.21875
(14, 00, 01, 04) 0x0e, 0.109375
(14, 00, 02, 00) 0xfe, -0.015625
(14, 00, 02, 01) 0x04, 0.03125
(14, 00, 02, 02) 0xfb, -0.0390625
(14, 00, 02, 03) 0xe2, -0.234375
(14, 00, 02, 04) 0xed, -0.1484375
(14, 00, 03, 00) 0xf0, -0.125
(14, 00, 03, 01) 0xfd, -0.0234375
(14, 00, 03, 02) 0x13, 0.1484375
(14, 00, 03, 03) 0x12, 0.140625
(14, 00, 03, 04) 0x07, 0.0546875
(14, 00, 04, 00) 0x0b, 0.0859375
(14, 00, 04, 01) 0x09, 0.0703125
(14, 00, 04, 02) 0xfa, -0.046875
(14, 00, 04, 03) 0x02, 0.015625
(14, 00, 04, 04) 0x12, 0.140625
(14, 01, 00, 00) 0x02, 0.015625
(14, 01, 00, 01) 0xf3, -0.1015625
(14, 01, 00, 02) 0xf0, -0.125
(14, 01, 00, 03) 0x09, 0.0703125
(14, 01, 00, 04) 0x12, 0.140625
(14, 01, 01, 00) 0xfe, -0.015625
(14, 01, 01, 01) 0x11, 0.1328125
(14, 01, 01, 02) 0x08, 0.0625
(14, 01, 01, 03) 0xe1, -0.2421875
(14, 01, 01, 04) 0xf6, -0.078125
(14, 01, 02, 00) 0x05, 0.0390625
(14, 01, 02, 01) 0x0d, 0.1015625
(14, 01, 02, 02) 0x0f, 0.1171875
(14, 01, 02, 03) 0x03, 0.0234375
(14, 01, 02, 04) 0x0a, 0.078125
(14, 01, 03, 00) 0xfe, -0.015625
(14, 01, 03, 01) 0x01, 0.0078125
(14, 01, 03, 02) 0x01, 0.0078125
(14, 01, 03, 03) 0x0b, 0.0859375
(14, 01, 03, 04) 0x17, 0.1796875
(14, 01, 04, 00) 0xee, -0.140625
(14, 01, 04, 01) 0xff, -0.0078125
(14, 01, 04, 02) 0xe8, -0.1875
(14, 01, 04, 03) 0x07, 0.0546875
(14, 01, 04, 04) 0x17, 0.1796875
(14, 02, 00, 00) 0xff, -0.0078125
(14, 02, 00, 01) 0x04, 0.03125
(14, 02, 00, 02) 0x03, 0.0234375
(14, 02, 00, 03) 0xec, -0.15625
(14, 02, 00, 04) 0xf3, -0.1015625
(14, 02, 01, 00) 0xfd, -0.0234375
(14, 02, 01, 01) 0xe5, -0.2109375
(14, 02, 01, 02) 0xe5, -0.2109375
(14, 02, 01, 03) 0x09, 0.0703125
(14, 02, 01, 04) 0x10, 0.125
(14, 02, 02, 00) 0xf2, -0.109375
(14, 02, 02, 01) 0xec, -0.15625
(14, 02, 02, 02) 0xfc, -0.03125
(14, 02, 02, 03) 0x0e, 0.109375
(14, 02, 02, 04) 0x03, 0.0234375
(14, 02, 03, 00) 0x02, 0.015625
(14, 02, 03, 01) 0xfd, -0.0234375
(14, 02, 03, 02) 0x09, 0.0703125
(14, 02, 03, 03) 0xfc, -0.03125
(14, 02, 03, 04) 0xef, -0.1328125
(14, 02, 04, 00) 0x0b, 0.0859375
(14, 02, 04, 01) 0xf0, -0.125
(14, 02, 04, 02) 0xf8, -0.0625
(14, 02, 04, 03) 0xf7, -0.0703125
(14, 02, 04, 04) 0xde, -0.265625
(14, 03, 00, 00) 0xe2, -0.234375
(14, 03, 00, 01) 0xfb, -0.0390625
(14, 03, 00, 02) 0xfd, -0.0234375
(14, 03, 00, 03) 0x01, 0.0078125
(14, 03, 00, 04) 0x12, 0.140625
(14, 03, 01, 00) 0x0a, 0.078125
(14, 03, 01, 01) 0xe9, -0.1796875
(14, 03, 01, 02) 0xe3, -0.2265625
(14, 03, 01, 03) 0x13, 0.1484375
(14, 03, 01, 04) 0x0b, 0.0859375
(14, 03, 02, 00) 0x10, 0.125
(14, 03, 02, 01) 0xff, -0.0078125
(14, 03, 02, 02) 0xe4, -0.21875
(14, 03, 02, 03) 0xff, -0.0078125
(14, 03, 02, 04) 0xf8, -0.0625
(14, 03, 03, 00) 0x08, 0.0625
(14, 03, 03, 01) 0x10, 0.125
(14, 03, 03, 02) 0xfe, -0.015625
(14, 03, 03, 03) 0xd3, -0.3515625
(14, 03, 03, 04) 0xe8, -0.1875
(14, 03, 04, 00) 0xf4, -0.09375
(14, 03, 04, 01) 0xf9, -0.0546875
(14, 03, 04, 02) 0xfc, -0.03125
(14, 03, 04, 03) 0xfc, -0.03125
(14, 03, 04, 04) 0xfb, -0.0390625
(14, 04, 00, 00) 0x01, 0.0078125
(14, 04, 00, 01) 0xf5, -0.0859375
(14, 04, 00, 02) 0xed, -0.1484375
(14, 04, 00, 03) 0xfa, -0.046875
(14, 04, 00, 04) 0xea, -0.171875
(14, 04, 01, 00) 0x05, 0.0390625
(14, 04, 01, 01) 0x02, 0.015625
(14, 04, 01, 02) 0xef, -0.1328125
(14, 04, 01, 03) 0xeb, -0.1640625
(14, 04, 01, 04) 0xef, -0.1328125
(14, 04, 02, 00) 0x0c, 0.09375
(14, 04, 02, 01) 0x03, 0.0234375
(14, 04, 02, 02) 0x0b, 0.0859375
(14, 04, 02, 03) 0xf9, -0.0546875
(14, 04, 02, 04) 0xf1, -0.1171875
(14, 04, 03, 00) 0x0c, 0.09375
(14, 04, 03, 01) 0x0c, 0.09375
(14, 04, 03, 02) 0x0b, 0.0859375
(14, 04, 03, 03) 0x0e, 0.109375
(14, 04, 03, 04) 0x00, 0.0
(14, 04, 04, 00) 0x07, 0.0546875
(14, 04, 04, 01) 0x09, 0.0703125
(14, 04, 04, 02) 0x0e, 0.109375
(14, 04, 04, 03) 0x01, 0.0078125
(14, 04, 04, 04) 0xfd, -0.0234375
(14, 05, 00, 00) 0xf7, -0.0703125
(14, 05, 00, 01) 0xf8, -0.0625
(14, 05, 00, 02) 0xfc, -0.03125
(14, 05, 00, 03) 0xfc, -0.03125
(14, 05, 00, 04) 0xed, -0.1484375
(14, 05, 01, 00) 0xff, -0.0078125
(14, 05, 01, 01) 0xfe, -0.015625
(14, 05, 01, 02) 0xea, -0.171875
(14, 05, 01, 03) 0xed, -0.1484375
(14, 05, 01, 04) 0x13, 0.1484375
(14, 05, 02, 00) 0xf6, -0.078125
(14, 05, 02, 01) 0xeb, -0.1640625
(14, 05, 02, 02) 0xfd, -0.0234375
(14, 05, 02, 03) 0x0f, 0.1171875
(14, 05, 02, 04) 0x00, 0.0
(14, 05, 03, 00) 0x05, 0.0390625
(14, 05, 03, 01) 0xfb, -0.0390625
(14, 05, 03, 02) 0xef, -0.1328125
(14, 05, 03, 03) 0xfe, -0.015625
(14, 05, 03, 04) 0xf3, -0.1015625
(14, 05, 04, 00) 0x0b, 0.0859375
(14, 05, 04, 01) 0x09, 0.0703125
(14, 05, 04, 02) 0x02, 0.015625
(14, 05, 04, 03) 0xfe, -0.015625
(14, 05, 04, 04) 0xdb, -0.2890625
(15, 00, 00, 00) 0xeb, -0.1640625
(15, 00, 00, 01) 0xfd, -0.0234375
(15, 00, 00, 02) 0xed, -0.1484375
(15, 00, 00, 03) 0xdc, -0.28125
(15, 00, 00, 04) 0x15, 0.1640625
(15, 00, 01, 00) 0x02, 0.015625
(15, 00, 01, 01) 0xf5, -0.0859375
(15, 00, 01, 02) 0xfd, -0.0234375
(15, 00, 01, 03) 0xf7, -0.0703125
(15, 00, 01, 04) 0x07, 0.0546875
(15, 00, 02, 00) 0xfb, -0.0390625
(15, 00, 02, 01) 0xfe, -0.015625
(15, 00, 02, 02) 0xf6, -0.078125
(15, 00, 02, 03) 0xfc, -0.03125
(15, 00, 02, 04) 0xff, -0.0078125
(15, 00, 03, 00) 0xf5, -0.0859375
(15, 00, 03, 01) 0xf1, -0.1171875
(15, 00, 03, 02) 0x0a, 0.078125
(15, 00, 03, 03) 0x03, 0.0234375
(15, 00, 03, 04) 0xf8, -0.0625
(15, 00, 04, 00) 0x05, 0.0390625
(15, 00, 04, 01) 0xf1, -0.1171875
(15, 00, 04, 02) 0x05, 0.0390625
(15, 00, 04, 03) 0x0d, 0.1015625
(15, 00, 04, 04) 0xfe, -0.015625
(15, 01, 00, 00) 0xf4, -0.09375
(15, 01, 00, 01) 0xfc, -0.03125
(15, 01, 00, 02) 0x10, 0.125
(15, 01, 00, 03) 0x03, 0.0234375
(15, 01, 00, 04) 0xfd, -0.0234375
(15, 01, 01, 00) 0xf2, -0.109375
(15, 01, 01, 01) 0xeb, -0.1640625
(15, 01, 01, 02) 0x06, 0.046875
(15, 01, 01, 03) 0x00, 0.0
(15, 01, 01, 04) 0xf6, -0.078125
(15, 01, 02, 00) 0x0a, 0.078125
(15, 01, 02, 01) 0xee, -0.140625
(15, 01, 02, 02) 0x15, 0.1640625
(15, 01, 02, 03) 0x12, 0.140625
(15, 01, 02, 04) 0x09, 0.0703125
(15, 01, 03, 00) 0x0c, 0.09375
(15, 01, 03, 01) 0xe8, -0.1875
(15, 01, 03, 02) 0x1b, 0.2109375
(15, 01, 03, 03) 0x07, 0.0546875
(15, 01, 03, 04) 0xff, -0.0078125
(15, 01, 04, 00) 0x03, 0.0234375
(15, 01, 04, 01) 0x01, 0.0078125
(15, 01, 04, 02) 0x16, 0.171875
(15, 01, 04, 03) 0x01, 0.0078125
(15, 01, 04, 04) 0x10, 0.125
(15, 02, 00, 00) 0xff, -0.0078125
(15, 02, 00, 01) 0xed, -0.1484375
(15, 02, 00, 02) 0xf5, -0.0859375
(15, 02, 00, 03) 0xe8, -0.1875
(15, 02, 00, 04) 0xf8, -0.0625
(15, 02, 01, 00) 0xfa, -0.046875
(15, 02, 01, 01) 0x06, 0.046875
(15, 02, 01, 02) 0x03, 0.0234375
(15, 02, 01, 03) 0x0d, 0.1015625
(15, 02, 01, 04) 0x02, 0.015625
(15, 02, 02, 00) 0xf9, -0.0546875
(15, 02, 02, 01) 0xf1, -0.1171875
(15, 02, 02, 02) 0x08, 0.0625
(15, 02, 02, 03) 0x03, 0.0234375
(15, 02, 02, 04) 0xf4, -0.09375
(15, 02, 03, 00) 0xd1, -0.3671875
(15, 02, 03, 01) 0xf8, -0.0625
(15, 02, 03, 02) 0xf6, -0.078125
(15, 02, 03, 03) 0xef, -0.1328125
(15, 02, 03, 04) 0x07, 0.0546875
(15, 02, 04, 00) 0xcf, -0.3828125
(15, 02, 04, 01) 0xe6, -0.203125
(15, 02, 04, 02) 0xea, -0.171875
(15, 02, 04, 03) 0xef, -0.1328125
(15, 02, 04, 04) 0xf8, -0.0625
(15, 03, 00, 00) 0xfe, -0.015625
(15, 03, 00, 01) 0x00, 0.0
(15, 03, 00, 02) 0xfd, -0.0234375
(15, 03, 00, 03) 0xf9, -0.0546875
(15, 03, 00, 04) 0x04, 0.03125
(15, 03, 01, 00) 0xf3, -0.1015625
(15, 03, 01, 01) 0xfc, -0.03125
(15, 03, 01, 02) 0x11, 0.1328125
(15, 03, 01, 03) 0x08, 0.0625
(15, 03, 01, 04) 0x01, 0.0078125
(15, 03, 02, 00) 0xf9, -0.0546875
(15, 03, 02, 01) 0x14, 0.15625
(15, 03, 02, 02) 0x0e, 0.109375
(15, 03, 02, 03) 0xe7, -0.1953125
(15, 03, 02, 04) 0x18, 0.1875
(15, 03, 03, 00) 0x02, 0.015625
(15, 03, 03, 01) 0x17, 0.1796875
(15, 03, 03, 02) 0x05, 0.0390625
(15, 03, 03, 03) 0xec, -0.15625
(15, 03, 03, 04) 0xf8, -0.0625
(15, 03, 04, 00) 0xf6, -0.078125
(15, 03, 04, 01) 0x0f, 0.1171875
(15, 03, 04, 02) 0x0a, 0.078125
(15, 03, 04, 03) 0xf7, -0.0703125
(15, 03, 04, 04) 0xef, -0.1328125
(15, 04, 00, 00) 0xee, -0.140625
(15, 04, 00, 01) 0x06, 0.046875
(15, 04, 00, 02) 0x0c, 0.09375
(15, 04, 00, 03) 0xf0, -0.125
(15, 04, 00, 04) 0xf3, -0.1015625
(15, 04, 01, 00) 0xfb, -0.0390625
(15, 04, 01, 01) 0xf9, -0.0546875
(15, 04, 01, 02) 0x16, 0.171875
(15, 04, 01, 03) 0xf5, -0.0859375
(15, 04, 01, 04) 0xf1, -0.1171875
(15, 04, 02, 00) 0xfe, -0.015625
(15, 04, 02, 01) 0xf1, -0.1171875
(15, 04, 02, 02) 0x1f, 0.2421875
(15, 04, 02, 03) 0x0b, 0.0859375
(15, 04, 02, 04) 0xf1, -0.1171875
(15, 04, 03, 00) 0xf2, -0.109375
(15, 04, 03, 01) 0xfe, -0.015625
(15, 04, 03, 02) 0x13, 0.1484375
(15, 04, 03, 03) 0x08, 0.0625
(15, 04, 03, 04) 0x04, 0.03125
(15, 04, 04, 00) 0xdf, -0.2578125
(15, 04, 04, 01) 0xf8, -0.0625
(15, 04, 04, 02) 0x06, 0.046875
(15, 04, 04, 03) 0x0c, 0.09375
(15, 04, 04, 04) 0x02, 0.015625
(15, 05, 00, 00) 0xfd, -0.0234375
(15, 05, 00, 01) 0xf6, -0.078125
(15, 05, 00, 02) 0xfb, -0.0390625
(15, 05, 00, 03) 0xf6, -0.078125
(15, 05, 00, 04) 0xe6, -0.203125
(15, 05, 01, 00) 0xf3, -0.1015625
(15, 05, 01, 01) 0x09, 0.0703125
(15, 05, 01, 02) 0xf8, -0.0625
(15, 05, 01, 03) 0xf0, -0.125
(15, 05, 01, 04) 0x07, 0.0546875
(15, 05, 02, 00) 0xee, -0.140625
(15, 05, 02, 01) 0xfc, -0.03125
(15, 05, 02, 02) 0x06, 0.046875
(15, 05, 02, 03) 0x13, 0.1484375
(15, 05, 02, 04) 0xf1, -0.1171875
(15, 05, 03, 00) 0xdc, -0.28125
(15, 05, 03, 01) 0x0d, 0.1015625
(15, 05, 03, 02) 0x0f, 0.1171875
(15, 05, 03, 03) 0xe6, -0.203125
(15, 05, 03, 04) 0x0a, 0.078125
(15, 05, 04, 00) 0xeb, -0.1640625
(15, 05, 04, 01) 0xff, -0.0078125
(15, 05, 04, 02) 0xfe, -0.015625
(15, 05, 04, 03) 0xf5, -0.0859375
(15, 05, 04, 04) 0x06, 0.046875
