(00, 00) 0xe2, -0.1171875
(00, 01) 0xc6, -0.2265625
(00, 02) 0x0f, 0.05859375
(00, 03) 0xe9, -0.08984375
(00, 04) 0x0c, 0.046875
(00, 05) 0xd8, -0.15625
(00, 06) 0x11, 0.06640625
(00, 07) 0xe2, -0.1171875
(00, 08) 0xce, -0.1953125
(00, 09) 0x15, 0.08203125
(00, 10) 0xef, -0.06640625
(00, 11) 0xe2, -0.1171875
(00, 12) 0x05, 0.01953125
(00, 13) 0xdd, -0.13671875
(00, 14) 0x16, 0.0859375
(00, 15) 0x1a, 0.1015625
(00, 16) 0xbc, -0.265625
(00, 17) 0xf2, -0.0546875
(00, 18) 0xf1, -0.05859375
(00, 19) 0x1d, 0.11328125
(00, 20) 0xd8, -0.15625
(00, 21) 0xd2, -0.1796875
(00, 22) 0xd6, -0.1640625
(00, 23) 0x0c, 0.046875
(00, 24) 0x1c, 0.109375
(00, 25) 0xde, -0.1328125
(00, 26) 0xe4, -0.109375
(00, 27) 0xc6, -0.2265625
(00, 28) 0x25, 0.14453125
(00, 29) 0xe6, -0.1015625
(00, 30) 0xf7, -0.03515625
(00, 31) 0x12, 0.0703125
(00, 32) 0xca, -0.2109375
(00, 33) 0xed, -0.07421875
(00, 34) 0xf6, -0.0390625
(00, 35) 0x06, 0.0234375
(00, 36) 0xd9, -0.15234375
(00, 37) 0xcf, -0.19140625
(00, 38) 0xe2, -0.1171875
(00, 39) 0x0e, 0.0546875
(00, 40) 0xfc, -0.015625
(00, 41) 0x2d, 0.17578125
(00, 42) 0xef, -0.06640625
(00, 43) 0xdd, -0.13671875
(00, 44) 0xfc, -0.015625
(00, 45) 0xc8, -0.21875
(00, 46) 0x12, 0.0703125
(00, 47) 0x35, 0.20703125
(00, 48) 0x22, 0.1328125
(00, 49) 0x1a, 0.1015625
(00, 50) 0xb7, -0.28515625
(00, 51) 0x0f, 0.05859375
(00, 52) 0xc2, -0.2421875
(00, 53) 0xd1, -0.18359375
(00, 54) 0xcb, -0.20703125
(00, 55) 0xc3, -0.23828125
(00, 56) 0x18, 0.09375
(00, 57) 0x1b, 0.10546875
(00, 58) 0xfc, -0.015625
(00, 59) 0x0a, 0.0390625
(00, 60) 0x2d, 0.17578125
(00, 61) 0x16, 0.0859375
(00, 62) 0xeb, -0.08203125
(00, 63) 0x1f, 0.12109375
(00, 64) 0xf8, -0.03125
(00, 65) 0x00, 0.0
(00, 66) 0x09, 0.03515625
(00, 67) 0xdd, -0.13671875
(00, 68) 0xf6, -0.0390625
(00, 69) 0xe8, -0.09375
(00, 70) 0xfe, -0.0078125
(00, 71) 0x02, 0.0078125
(00, 72) 0x0c, 0.046875
(00, 73) 0xd4, -0.171875
(00, 74) 0x07, 0.02734375
(00, 75) 0x12, 0.0703125
(00, 76) 0x00, 0.0
(00, 77) 0x04, 0.015625
(00, 78) 0xbd, -0.26171875
(00, 79) 0xe4, -0.109375
(00, 80) 0xcf, -0.19140625
(00, 81) 0x0e, 0.0546875
(00, 82) 0xc7, -0.22265625
(00, 83) 0x10, 0.0625
(01, 00) 0xe3, -0.11328125
(01, 01) 0x06, 0.0234375
(01, 02) 0xf9, -0.02734375
(01, 03) 0xcd, -0.19921875
(01, 04) 0x13, 0.07421875
(01, 05) 0x0e, 0.0546875
(01, 06) 0x1a, 0.1015625
(01, 07) 0x28, 0.15625
(01, 08) 0x1f, 0.12109375
(01, 09) 0x26, 0.1484375
(01, 10) 0xee, -0.0703125
(01, 11) 0x20, 0.125
(01, 12) 0x23, 0.13671875
(01, 13) 0xf0, -0.0625
(01, 14) 0x2d, 0.17578125
(01, 15) 0xbe, -0.2578125
(01, 16) 0xe5, -0.10546875
(01, 17) 0x10, 0.0625
(01, 18) 0x1f, 0.12109375
(01, 19) 0xc4, -0.234375
(01, 20) 0xb8, -0.28125
(01, 21) 0x0a, 0.0390625
(01, 22) 0x0d, 0.05078125
(01, 23) 0x04, 0.015625
(01, 24) 0x1e, 0.1171875
(01, 25) 0xf6, -0.0390625
(01, 26) 0x0e, 0.0546875
(01, 27) 0xf6, -0.0390625
(01, 28) 0x0a, 0.0390625
(01, 29) 0x04, 0.015625
(01, 30) 0xbf, -0.25390625
(01, 31) 0x13, 0.07421875
(01, 32) 0x17, 0.08984375
(01, 33) 0xdb, -0.14453125
(01, 34) 0x1a, 0.1015625
(01, 35) 0x06, 0.0234375
(01, 36) 0x02, 0.0078125
(01, 37) 0x0d, 0.05078125
(01, 38) 0x03, 0.01171875
(01, 39) 0xc4, -0.234375
(01, 40) 0x1b, 0.10546875
(01, 41) 0xa5, -0.35546875
(01, 42) 0x06, 0.0234375
(01, 43) 0xdc, -0.140625
(01, 44) 0xee, -0.0703125
(01, 45) 0x10, 0.0625
(01, 46) 0xdc, -0.140625
(01, 47) 0x1c, 0.109375
(01, 48) 0x23, 0.13671875
(01, 49) 0x05, 0.01953125
(01, 50) 0x15, 0.08203125
(01, 51) 0xb0, -0.3125
(01, 52) 0x1a, 0.1015625
(01, 53) 0xfe, -0.0078125
(01, 54) 0xda, -0.1484375
(01, 55) 0xf5, -0.04296875
(01, 56) 0xf9, -0.02734375
(01, 57) 0xd8, -0.15625
(01, 58) 0xbc, -0.265625
(01, 59) 0x25, 0.14453125
(01, 60) 0xda, -0.1484375
(01, 61) 0x14, 0.078125
(01, 62) 0xe4, -0.109375
(01, 63) 0xd8, -0.15625
(01, 64) 0x19, 0.09765625
(01, 65) 0x09, 0.03515625
(01, 66) 0x27, 0.15234375
(01, 67) 0x1e, 0.1171875
(01, 68) 0x29, 0.16015625
(01, 69) 0x0a, 0.0390625
(01, 70) 0xf7, -0.03515625
(01, 71) 0x04, 0.015625
(01, 72) 0x07, 0.02734375
(01, 73) 0x06, 0.0234375
(01, 74) 0xe2, -0.1171875
(01, 75) 0x18, 0.09375
(01, 76) 0xb2, -0.3046875
(01, 77) 0xd0, -0.1875
(01, 78) 0x01, 0.00390625
(01, 79) 0x14, 0.078125
(01, 80) 0xfd, -0.01171875
(01, 81) 0x0b, 0.04296875
(01, 82) 0xd7, -0.16015625
(01, 83) 0xa8, -0.34375
(02, 00) 0xf9, -0.02734375
(02, 01) 0xd1, -0.18359375
(02, 02) 0x1d, 0.11328125
(02, 03) 0xc5, -0.23046875
(02, 04) 0x23, 0.13671875
(02, 05) 0x1e, 0.1171875
(02, 06) 0x18, 0.09375
(02, 07) 0x1d, 0.11328125
(02, 08) 0xfa, -0.0234375
(02, 09) 0x03, 0.01171875
(02, 10) 0x14, 0.078125
(02, 11) 0xec, -0.078125
(02, 12) 0xed, -0.07421875
(02, 13) 0x12, 0.0703125
(02, 14) 0xda, -0.1484375
(02, 15) 0xfd, -0.01171875
(02, 16) 0x21, 0.12890625
(02, 17) 0x0e, 0.0546875
(02, 18) 0xe0, -0.125
(02, 19) 0xfb, -0.01953125
(02, 20) 0xf0, -0.0625
(02, 21) 0x13, 0.07421875
(02, 22) 0x1e, 0.1171875
(02, 23) 0x16, 0.0859375
(02, 24) 0xdb, -0.14453125
(02, 25) 0x13, 0.07421875
(02, 26) 0x1b, 0.10546875
(02, 27) 0x23, 0.13671875
(02, 28) 0x12, 0.0703125
(02, 29) 0x08, 0.03125
(02, 30) 0xec, -0.078125
(02, 31) 0x02, 0.0078125
(02, 32) 0xba, -0.2734375
(02, 33) 0xe7, -0.09765625
(02, 34) 0xd1, -0.18359375
(02, 35) 0xec, -0.078125
(02, 36) 0xf7, -0.03515625
(02, 37) 0xf0, -0.0625
(02, 38) 0xd4, -0.171875
(02, 39) 0x2f, 0.18359375
(02, 40) 0xf5, -0.04296875
(02, 41) 0x0c, 0.046875
(02, 42) 0x21, 0.12890625
(02, 43) 0x27, 0.15234375
(02, 44) 0xd9, -0.15234375
(02, 45) 0x08, 0.03125
(02, 46) 0xf0, -0.0625
(02, 47) 0xeb, -0.08203125
(02, 48) 0x0a, 0.0390625
(02, 49) 0xfe, -0.0078125
(02, 50) 0x04, 0.015625
(02, 51) 0x2c, 0.171875
(02, 52) 0x0a, 0.0390625
(02, 53) 0x19, 0.09765625
(02, 54) 0xd6, -0.1640625
(02, 55) 0x09, 0.03515625
(02, 56) 0x07, 0.02734375
(02, 57) 0x0e, 0.0546875
(02, 58) 0xe9, -0.08984375
(02, 59) 0xfb, -0.01953125
(02, 60) 0x0e, 0.0546875
(02, 61) 0xde, -0.1328125
(02, 62) 0xd5, -0.16796875
(02, 63) 0xc4, -0.234375
(02, 64) 0xf3, -0.05078125
(02, 65) 0xeb, -0.08203125
(02, 66) 0xbc, -0.265625
(02, 67) 0xef, -0.06640625
(02, 68) 0x24, 0.140625
(02, 69) 0xf5, -0.04296875
(02, 70) 0x01, 0.00390625
(02, 71) 0x17, 0.08984375
(02, 72) 0x07, 0.02734375
(02, 73) 0xfc, -0.015625
(02, 74) 0x4c, 0.296875
(02, 75) 0x16, 0.0859375
(02, 76) 0xf2, -0.0546875
(02, 77) 0xf1, -0.05859375
(02, 78) 0x1c, 0.109375
(02, 79) 0xec, -0.078125
(02, 80) 0xbe, -0.2578125
(02, 81) 0xec, -0.078125
(02, 82) 0x21, 0.12890625
(02, 83) 0xf8, -0.03125
(03, 00) 0x0c, 0.046875
(03, 01) 0x01, 0.00390625
(03, 02) 0xdd, -0.13671875
(03, 03) 0xe0, -0.125
(03, 04) 0xe9, -0.08984375
(03, 05) 0x08, 0.03125
(03, 06) 0xe8, -0.09375
(03, 07) 0x22, 0.1328125
(03, 08) 0x05, 0.01953125
(03, 09) 0xb0, -0.3125
(03, 10) 0x0d, 0.05078125
(03, 11) 0x0c, 0.046875
(03, 12) 0x1e, 0.1171875
(03, 13) 0xfe, -0.0078125
(03, 14) 0xb9, -0.27734375
(03, 15) 0x15, 0.08203125
(03, 16) 0x32, 0.1953125
(03, 17) 0xba, -0.2734375
(03, 18) 0xd8, -0.15625
(03, 19) 0x01, 0.00390625
(03, 20) 0xec, -0.078125
(03, 21) 0x06, 0.0234375
(03, 22) 0xf6, -0.0390625
(03, 23) 0xec, -0.078125
(03, 24) 0x11, 0.06640625
(03, 25) 0x05, 0.01953125
(03, 26) 0x07, 0.02734375
(03, 27) 0x1f, 0.12109375
(03, 28) 0xde, -0.1328125
(03, 29) 0xe7, -0.09765625
(03, 30) 0xe7, -0.09765625
(03, 31) 0xdb, -0.14453125
(03, 32) 0x28, 0.15625
(03, 33) 0x13, 0.07421875
(03, 34) 0xda, -0.1484375
(03, 35) 0x12, 0.0703125
(03, 36) 0xf3, -0.05078125
(03, 37) 0x03, 0.01171875
(03, 38) 0x1c, 0.109375
(03, 39) 0xd1, -0.18359375
(03, 40) 0x0f, 0.05859375
(03, 41) 0xeb, -0.08203125
(03, 42) 0xfb, -0.01953125
(03, 43) 0x0d, 0.05078125
(03, 44) 0x12, 0.0703125
(03, 45) 0xf1, -0.05859375
(03, 46) 0xcf, -0.19140625
(03, 47) 0xe0, -0.125
(03, 48) 0xd4, -0.171875
(03, 49) 0xf1, -0.05859375
(03, 50) 0x13, 0.07421875
(03, 51) 0xeb, -0.08203125
(03, 52) 0xc3, -0.23828125
(03, 53) 0xd2, -0.1796875
(03, 54) 0xdc, -0.140625
(03, 55) 0x20, 0.125
(03, 56) 0x1e, 0.1171875
(03, 57) 0x25, 0.14453125
(03, 58) 0xd1, -0.18359375
(03, 59) 0xf2, -0.0546875
(03, 60) 0xfa, -0.0234375
(03, 61) 0xd9, -0.15234375
(03, 62) 0x0a, 0.0390625
(03, 63) 0x08, 0.03125
(03, 64) 0x0e, 0.0546875
(03, 65) 0xef, -0.06640625
(03, 66) 0xc5, -0.23046875
(03, 67) 0xb9, -0.27734375
(03, 68) 0xc0, -0.25
(03, 69) 0x12, 0.0703125
(03, 70) 0x00, 0.0
(03, 71) 0x0b, 0.04296875
(03, 72) 0x06, 0.0234375
(03, 73) 0x2a, 0.1640625
(03, 74) 0xda, -0.1484375
(03, 75) 0xfc, -0.015625
(03, 76) 0x01, 0.00390625
(03, 77) 0x15, 0.08203125
(03, 78) 0x14, 0.078125
(03, 79) 0x06, 0.0234375
(03, 80) 0xd9, -0.15234375
(03, 81) 0xeb, -0.08203125
(03, 82) 0xf4, -0.046875
(03, 83) 0x13, 0.07421875
(04, 00) 0x0f, 0.05859375
(04, 01) 0xe4, -0.109375
(04, 02) 0x18, 0.09375
(04, 03) 0xe3, -0.11328125
(04, 04) 0xe5, -0.10546875
(04, 05) 0xf0, -0.0625
(04, 06) 0xe0, -0.125
(04, 07) 0xfe, -0.0078125
(04, 08) 0xeb, -0.08203125
(04, 09) 0x23, 0.13671875
(04, 10) 0xea, -0.0859375
(04, 11) 0xeb, -0.08203125
(04, 12) 0xc5, -0.23046875
(04, 13) 0xf2, -0.0546875
(04, 14) 0x20, 0.125
(04, 15) 0xde, -0.1328125
(04, 16) 0xd4, -0.171875
(04, 17) 0x16, 0.0859375
(04, 18) 0xde, -0.1328125
(04, 19) 0x0a, 0.0390625
(04, 20) 0x22, 0.1328125
(04, 21) 0xdc, -0.140625
(04, 22) 0x17, 0.08984375
(04, 23) 0xf1, -0.05859375
(04, 24) 0xc7, -0.22265625
(04, 25) 0xe9, -0.08984375
(04, 26) 0x35, 0.20703125
(04, 27) 0xdf, -0.12890625
(04, 28) 0xd3, -0.17578125
(04, 29) 0xf8, -0.03125
(04, 30) 0x11, 0.06640625
(04, 31) 0x24, 0.140625
(04, 32) 0xdb, -0.14453125
(04, 33) 0x0b, 0.04296875
(04, 34) 0x01, 0.00390625
(04, 35) 0xf4, -0.046875
(04, 36) 0xe9, -0.08984375
(04, 37) 0x13, 0.07421875
(04, 38) 0xf9, -0.02734375
(04, 39) 0x32, 0.1953125
(04, 40) 0x1b, 0.10546875
(04, 41) 0x1f, 0.12109375
(04, 42) 0xf2, -0.0546875
(04, 43) 0x00, 0.0
(04, 44) 0x1c, 0.109375
(04, 45) 0x05, 0.01953125
(04, 46) 0xdb, -0.14453125
(04, 47) 0xcf, -0.19140625
(04, 48) 0xfa, -0.0234375
(04, 49) 0xd6, -0.1640625
(04, 50) 0x20, 0.125
(04, 51) 0xf1, -0.05859375
(04, 52) 0x1e, 0.1171875
(04, 53) 0x12, 0.0703125
(04, 54) 0x18, 0.09375
(04, 55) 0xd4, -0.171875
(04, 56) 0xd9, -0.15234375
(04, 57) 0xe3, -0.11328125
(04, 58) 0x1b, 0.10546875
(04, 59) 0x0e, 0.0546875
(04, 60) 0xd5, -0.16796875
(04, 61) 0xdf, -0.12890625
(04, 62) 0x19, 0.09765625
(04, 63) 0x19, 0.09765625
(04, 64) 0xf8, -0.03125
(04, 65) 0xeb, -0.08203125
(04, 66) 0xfb, -0.01953125
(04, 67) 0xe2, -0.1171875
(04, 68) 0xf4, -0.046875
(04, 69) 0xeb, -0.08203125
(04, 70) 0xeb, -0.08203125
(04, 71) 0xbf, -0.25390625
(04, 72) 0x10, 0.0625
(04, 73) 0xdc, -0.140625
(04, 74) 0xfc, -0.015625
(04, 75) 0x02, 0.0078125
(04, 76) 0x03, 0.01171875
(04, 77) 0xff, -0.00390625
(04, 78) 0xfe, -0.0078125
(04, 79) 0x27, 0.15234375
(04, 80) 0x2a, 0.1640625
(04, 81) 0xd7, -0.16015625
(04, 82) 0xfe, -0.0078125
(04, 83) 0x0a, 0.0390625
(05, 00) 0x04, 0.015625
(05, 01) 0xf9, -0.02734375
(05, 02) 0xfa, -0.0234375
(05, 03) 0x25, 0.14453125
(05, 04) 0xed, -0.07421875
(05, 05) 0x19, 0.09765625
(05, 06) 0xda, -0.1484375
(05, 07) 0x04, 0.015625
(05, 08) 0xfd, -0.01171875
(05, 09) 0xdc, -0.140625
(05, 10) 0xf9, -0.02734375
(05, 11) 0xc1, -0.24609375
(05, 12) 0x04, 0.015625
(05, 13) 0xe0, -0.125
(05, 14) 0xea, -0.0859375
(05, 15) 0x07, 0.02734375
(05, 16) 0x0f, 0.05859375
(05, 17) 0xec, -0.078125
(05, 18) 0xfb, -0.01953125
(05, 19) 0x0f, 0.05859375
(05, 20) 0xff, -0.00390625
(05, 21) 0xed, -0.07421875
(05, 22) 0xd1, -0.18359375
(05, 23) 0xfc, -0.015625
(05, 24) 0x09, 0.03515625
(05, 25) 0xf7, -0.03515625
(05, 26) 0x1c, 0.109375
(05, 27) 0xcf, -0.19140625
(05, 28) 0x0c, 0.046875
(05, 29) 0x00, 0.0
(05, 30) 0xd4, -0.171875
(05, 31) 0xfa, -0.0234375
(05, 32) 0x21, 0.12890625
(05, 33) 0xf5, -0.04296875
(05, 34) 0x1d, 0.11328125
(05, 35) 0xf0, -0.0625
(05, 36) 0xda, -0.1484375
(05, 37) 0xf0, -0.0625
(05, 38) 0xfc, -0.015625
(05, 39) 0xc9, -0.21484375
(05, 40) 0x18, 0.09375
(05, 41) 0xce, -0.1953125
(05, 42) 0xb9, -0.27734375
(05, 43) 0x1e, 0.1171875
(05, 44) 0x1e, 0.1171875
(05, 45) 0x1e, 0.1171875
(05, 46) 0x2a, 0.1640625
(05, 47) 0xd2, -0.1796875
(05, 48) 0xd4, -0.171875
(05, 49) 0x1a, 0.1015625
(05, 50) 0xd7, -0.16015625
(05, 51) 0xfd, -0.01171875
(05, 52) 0xff, -0.00390625
(05, 53) 0x0c, 0.046875
(05, 54) 0x1e, 0.1171875
(05, 55) 0xd8, -0.15625
(05, 56) 0x0a, 0.0390625
(05, 57) 0x06, 0.0234375
(05, 58) 0xef, -0.06640625
(05, 59) 0xe5, -0.10546875
(05, 60) 0xe6, -0.1015625
(05, 61) 0x01, 0.00390625
(05, 62) 0xe3, -0.11328125
(05, 63) 0x03, 0.01171875
(05, 64) 0xf6, -0.0390625
(05, 65) 0xf4, -0.046875
(05, 66) 0x21, 0.12890625
(05, 67) 0xea, -0.0859375
(05, 68) 0xf0, -0.0625
(05, 69) 0x1a, 0.1015625
(05, 70) 0xed, -0.07421875
(05, 71) 0x1e, 0.1171875
(05, 72) 0xf3, -0.05078125
(05, 73) 0xee, -0.0703125
(05, 74) 0xfb, -0.01953125
(05, 75) 0xef, -0.06640625
(05, 76) 0x0f, 0.05859375
(05, 77) 0x06, 0.0234375
(05, 78) 0x24, 0.140625
(05, 79) 0x01, 0.00390625
(05, 80) 0xbc, -0.265625
(05, 81) 0x0b, 0.04296875
(05, 82) 0xfa, -0.0234375
(05, 83) 0x20, 0.125
(06, 00) 0xe1, -0.12109375
(06, 01) 0xe1, -0.12109375
(06, 02) 0xce, -0.1953125
(06, 03) 0xf5, -0.04296875
(06, 04) 0x1e, 0.1171875
(06, 05) 0xe6, -0.1015625
(06, 06) 0x23, 0.13671875
(06, 07) 0xf2, -0.0546875
(06, 08) 0x0e, 0.0546875
(06, 09) 0xe9, -0.08984375
(06, 10) 0xe9, -0.08984375
(06, 11) 0xf0, -0.0625
(06, 12) 0xfa, -0.0234375
(06, 13) 0x11, 0.06640625
(06, 14) 0xf1, -0.05859375
(06, 15) 0xfc, -0.015625
(06, 16) 0x29, 0.16015625
(06, 17) 0x11, 0.06640625
(06, 18) 0x1f, 0.12109375
(06, 19) 0xda, -0.1484375
(06, 20) 0x1f, 0.12109375
(06, 21) 0x0a, 0.0390625
(06, 22) 0x08, 0.03125
(06, 23) 0xed, -0.07421875
(06, 24) 0x04, 0.015625
(06, 25) 0x26, 0.1484375
(06, 26) 0xfd, -0.01171875
(06, 27) 0xfe, -0.0078125
(06, 28) 0x16, 0.0859375
(06, 29) 0xd2, -0.1796875
(06, 30) 0x1b, 0.10546875
(06, 31) 0x1a, 0.1015625
(06, 32) 0xe2, -0.1171875
(06, 33) 0xbd, -0.26171875
(06, 34) 0xdc, -0.140625
(06, 35) 0xda, -0.1484375
(06, 36) 0x01, 0.00390625
(06, 37) 0x12, 0.0703125
(06, 38) 0xd0, -0.1875
(06, 39) 0xe6, -0.1015625
(06, 40) 0x11, 0.06640625
(06, 41) 0x10, 0.0625
(06, 42) 0xc0, -0.25
(06, 43) 0xf5, -0.04296875
(06, 44) 0xab, -0.33203125
(06, 45) 0x20, 0.125
(06, 46) 0x27, 0.15234375
(06, 47) 0x1c, 0.109375
(06, 48) 0xd3, -0.17578125
(06, 49) 0x0f, 0.05859375
(06, 50) 0xd4, -0.171875
(06, 51) 0xc5, -0.23046875
(06, 52) 0xfc, -0.015625
(06, 53) 0xe4, -0.109375
(06, 54) 0x05, 0.01953125
(06, 55) 0x21, 0.12890625
(06, 56) 0xf8, -0.03125
(06, 57) 0xfc, -0.015625
(06, 58) 0x1d, 0.11328125
(06, 59) 0xe9, -0.08984375
(06, 60) 0x0a, 0.0390625
(06, 61) 0xf6, -0.0390625
(06, 62) 0xb0, -0.3125
(06, 63) 0x1b, 0.10546875
(06, 64) 0xeb, -0.08203125
(06, 65) 0xed, -0.07421875
(06, 66) 0x1f, 0.12109375
(06, 67) 0xdb, -0.14453125
(06, 68) 0xf7, -0.03515625
(06, 69) 0x14, 0.078125
(06, 70) 0x02, 0.0078125
(06, 71) 0x07, 0.02734375
(06, 72) 0xb5, -0.29296875
(06, 73) 0x0e, 0.0546875
(06, 74) 0x19, 0.09765625
(06, 75) 0xe9, -0.08984375
(06, 76) 0xfe, -0.0078125
(06, 77) 0xff, -0.00390625
(06, 78) 0xd4, -0.171875
(06, 79) 0xf2, -0.0546875
(06, 80) 0xb7, -0.28515625
(06, 81) 0xf8, -0.03125
(06, 82) 0x09, 0.03515625
(06, 83) 0xf7, -0.03515625
(07, 00) 0x12, 0.0703125
(07, 01) 0xf1, -0.05859375
(07, 02) 0x09, 0.03515625
(07, 03) 0x10, 0.0625
(07, 04) 0xde, -0.1328125
(07, 05) 0xd6, -0.1640625
(07, 06) 0xf9, -0.02734375
(07, 07) 0x0c, 0.046875
(07, 08) 0xff, -0.00390625
(07, 09) 0xcc, -0.203125
(07, 10) 0x13, 0.07421875
(07, 11) 0xf6, -0.0390625
(07, 12) 0x29, 0.16015625
(07, 13) 0xce, -0.1953125
(07, 14) 0x17, 0.08984375
(07, 15) 0xd0, -0.1875
(07, 16) 0x05, 0.01953125
(07, 17) 0xd9, -0.15234375
(07, 18) 0x08, 0.03125
(07, 19) 0x0d, 0.05078125
(07, 20) 0x0c, 0.046875
(07, 21) 0xe6, -0.1015625
(07, 22) 0x07, 0.02734375
(07, 23) 0x24, 0.140625
(07, 24) 0x00, 0.0
(07, 25) 0xdd, -0.13671875
(07, 26) 0xe9, -0.08984375
(07, 27) 0xf7, -0.03515625
(07, 28) 0x00, 0.0
(07, 29) 0xe5, -0.10546875
(07, 30) 0x13, 0.07421875
(07, 31) 0xbb, -0.26953125
(07, 32) 0xdf, -0.12890625
(07, 33) 0x14, 0.078125
(07, 34) 0x25, 0.14453125
(07, 35) 0xfa, -0.0234375
(07, 36) 0xb3, -0.30078125
(07, 37) 0xd6, -0.1640625
(07, 38) 0x16, 0.0859375
(07, 39) 0x0a, 0.0390625
(07, 40) 0x17, 0.08984375
(07, 41) 0xba, -0.2734375
(07, 42) 0x10, 0.0625
(07, 43) 0xcb, -0.20703125
(07, 44) 0x1b, 0.10546875
(07, 45) 0xee, -0.0703125
(07, 46) 0xc2, -0.2421875
(07, 47) 0xf4, -0.046875
(07, 48) 0x04, 0.015625
(07, 49) 0x2f, 0.18359375
(07, 50) 0x0b, 0.04296875
(07, 51) 0x20, 0.125
(07, 52) 0x26, 0.1484375
(07, 53) 0x04, 0.015625
(07, 54) 0xd5, -0.16796875
(07, 55) 0x1c, 0.109375
(07, 56) 0x22, 0.1328125
(07, 57) 0xfb, -0.01953125
(07, 58) 0xd5, -0.16796875
(07, 59) 0xff, -0.00390625
(07, 60) 0xc4, -0.234375
(07, 61) 0x03, 0.01171875
(07, 62) 0x28, 0.15625
(07, 63) 0x28, 0.15625
(07, 64) 0x04, 0.015625
(07, 65) 0xeb, -0.08203125
(07, 66) 0x0c, 0.046875
(07, 67) 0x25, 0.14453125
(07, 68) 0x09, 0.03515625
(07, 69) 0xcc, -0.203125
(07, 70) 0x0a, 0.0390625
(07, 71) 0xfe, -0.0078125
(07, 72) 0x11, 0.06640625
(07, 73) 0x0c, 0.046875
(07, 74) 0xd8, -0.15625
(07, 75) 0x16, 0.0859375
(07, 76) 0x18, 0.09375
(07, 77) 0xc8, -0.21875
(07, 78) 0xda, -0.1484375
(07, 79) 0xf6, -0.0390625
(07, 80) 0x1c, 0.109375
(07, 81) 0xf1, -0.05859375
(07, 82) 0x13, 0.07421875
(07, 83) 0xf7, -0.03515625
(08, 00) 0xf9, -0.02734375
(08, 01) 0xfa, -0.0234375
(08, 02) 0x00, 0.0
(08, 03) 0x0c, 0.046875
(08, 04) 0xdb, -0.14453125
(08, 05) 0xe2, -0.1171875
(08, 06) 0xf8, -0.03125
(08, 07) 0xe0, -0.125
(08, 08) 0x0d, 0.05078125
(08, 09) 0xf4, -0.046875
(08, 10) 0x09, 0.03515625
(08, 11) 0xd6, -0.1640625
(08, 12) 0xe8, -0.09375
(08, 13) 0xec, -0.078125
(08, 14) 0xee, -0.0703125
(08, 15) 0x13, 0.07421875
(08, 16) 0xd5, -0.16796875
(08, 17) 0x36, 0.2109375
(08, 18) 0xdf, -0.12890625
(08, 19) 0xd4, -0.171875
(08, 20) 0xff, -0.00390625
(08, 21) 0x17, 0.08984375
(08, 22) 0xd4, -0.171875
(08, 23) 0xed, -0.07421875
(08, 24) 0xed, -0.07421875
(08, 25) 0xda, -0.1484375
(08, 26) 0x04, 0.015625
(08, 27) 0xee, -0.0703125
(08, 28) 0xf4, -0.046875
(08, 29) 0xfb, -0.01953125
(08, 30) 0x1f, 0.12109375
(08, 31) 0xf3, -0.05078125
(08, 32) 0x0a, 0.0390625
(08, 33) 0x0b, 0.04296875
(08, 34) 0xc7, -0.22265625
(08, 35) 0x27, 0.15234375
(08, 36) 0xa8, -0.34375
(08, 37) 0xea, -0.0859375
(08, 38) 0xfb, -0.01953125
(08, 39) 0xd0, -0.1875
(08, 40) 0xf2, -0.0546875
(08, 41) 0xdb, -0.14453125
(08, 42) 0x29, 0.16015625
(08, 43) 0x0b, 0.04296875
(08, 44) 0xcd, -0.19921875
(08, 45) 0x2d, 0.17578125
(08, 46) 0xf2, -0.0546875
(08, 47) 0x1d, 0.11328125
(08, 48) 0x08, 0.03125
(08, 49) 0xcf, -0.19140625
(08, 50) 0xe2, -0.1171875
(08, 51) 0x02, 0.0078125
(08, 52) 0xf9, -0.02734375
(08, 53) 0x2a, 0.1640625
(08, 54) 0x32, 0.1953125
(08, 55) 0x1f, 0.12109375
(08, 56) 0x06, 0.0234375
(08, 57) 0x01, 0.00390625
(08, 58) 0xfe, -0.0078125
(08, 59) 0x07, 0.02734375
(08, 60) 0xff, -0.00390625
(08, 61) 0x2c, 0.171875
(08, 62) 0x22, 0.1328125
(08, 63) 0xc9, -0.21484375
(08, 64) 0x13, 0.07421875
(08, 65) 0xfc, -0.015625
(08, 66) 0xeb, -0.08203125
(08, 67) 0x06, 0.0234375
(08, 68) 0xd1, -0.18359375
(08, 69) 0x16, 0.0859375
(08, 70) 0xf5, -0.04296875
(08, 71) 0x10, 0.0625
(08, 72) 0xe2, -0.1171875
(08, 73) 0x18, 0.09375
(08, 74) 0xb4, -0.296875
(08, 75) 0xc9, -0.21484375
(08, 76) 0xf6, -0.0390625
(08, 77) 0x26, 0.1484375
(08, 78) 0x00, 0.0
(08, 79) 0xda, -0.1484375
(08, 80) 0x02, 0.0078125
(08, 81) 0x09, 0.03515625
(08, 82) 0x07, 0.02734375
(08, 83) 0xfd, -0.01171875
(09, 00) 0xe6, -0.1015625
(09, 01) 0xf8, -0.03125
(09, 02) 0xdb, -0.14453125
(09, 03) 0xf8, -0.03125
(09, 04) 0x0b, 0.04296875
(09, 05) 0xcf, -0.19140625
(09, 06) 0xfa, -0.0234375
(09, 07) 0xd6, -0.1640625
(09, 08) 0x0a, 0.0390625
(09, 09) 0xfe, -0.0078125
(09, 10) 0x05, 0.01953125
(09, 11) 0x14, 0.078125
(09, 12) 0xe1, -0.12109375
(09, 13) 0xff, -0.00390625
(09, 14) 0xe8, -0.09375
(09, 15) 0x12, 0.0703125
(09, 16) 0xce, -0.1953125
(09, 17) 0xe2, -0.1171875
(09, 18) 0xe1, -0.12109375
(09, 19) 0x28, 0.15625
(09, 20) 0xe3, -0.11328125
(09, 21) 0xe2, -0.1171875
(09, 22) 0x0d, 0.05078125
(09, 23) 0x22, 0.1328125
(09, 24) 0x06, 0.0234375
(09, 25) 0x12, 0.0703125
(09, 26) 0xdc, -0.140625
(09, 27) 0xf3, -0.05078125
(09, 28) 0xf7, -0.03515625
(09, 29) 0xe6, -0.1015625
(09, 30) 0x27, 0.15234375
(09, 31) 0xe9, -0.08984375
(09, 32) 0x07, 0.02734375
(09, 33) 0x20, 0.125
(09, 34) 0xf3, -0.05078125
(09, 35) 0xf5, -0.04296875
(09, 36) 0xdb, -0.14453125
(09, 37) 0x0f, 0.05859375
(09, 38) 0x03, 0.01171875
(09, 39) 0xf3, -0.05078125
(09, 40) 0xdb, -0.14453125
(09, 41) 0x25, 0.14453125
(09, 42) 0xfc, -0.015625
(09, 43) 0x28, 0.15625
(09, 44) 0x25, 0.14453125
(09, 45) 0xf7, -0.03515625
(09, 46) 0x12, 0.0703125
(09, 47) 0xd5, -0.16796875
(09, 48) 0x1e, 0.1171875
(09, 49) 0xf9, -0.02734375
(09, 50) 0x13, 0.07421875
(09, 51) 0xd5, -0.16796875
(09, 52) 0x0f, 0.05859375
(09, 53) 0xf1, -0.05859375
(09, 54) 0x10, 0.0625
(09, 55) 0xb7, -0.28515625
(09, 56) 0xe0, -0.125
(09, 57) 0xfa, -0.0234375
(09, 58) 0x25, 0.14453125
(09, 59) 0x07, 0.02734375
(09, 60) 0xdb, -0.14453125
(09, 61) 0xc1, -0.24609375
(09, 62) 0x27, 0.15234375
(09, 63) 0xf1, -0.05859375
(09, 64) 0x17, 0.08984375
(09, 65) 0xef, -0.06640625
(09, 66) 0x05, 0.01953125
(09, 67) 0x04, 0.015625
(09, 68) 0xf9, -0.02734375
(09, 69) 0x11, 0.06640625
(09, 70) 0xfd, -0.01171875
(09, 71) 0xe2, -0.1171875
(09, 72) 0x0e, 0.0546875
(09, 73) 0xe4, -0.109375
(09, 74) 0x07, 0.02734375
(09, 75) 0x07, 0.02734375
(09, 76) 0x01, 0.00390625
(09, 77) 0x0c, 0.046875
(09, 78) 0x05, 0.01953125
(09, 79) 0xf9, -0.02734375
(09, 80) 0x2f, 0.18359375
(09, 81) 0x2d, 0.17578125
(09, 82) 0x1c, 0.109375
(09, 83) 0x09, 0.03515625
